59
NC_007362._     0.0000000 6.0484349 6.0687282 6.0550404 6.0226734 6.0465875 6.0484349 6.0263632 6.0226734 6.0695649 6.0753531 6.0484349 6.0339615 6.0695649 6.1166776 6.0226734 5.8370504 5.9853814 5.9704141 5.9238859 5.9694034 5.9895644 5.8800701 6.2675034 6.2675034 5.9685830 5.9880443 6.2622145 6.0016921 5.8529574 6.2894758 5.9427584 5.9919332 5.9486090 5.9455900 6.0355183 6.2429029 5.9286986 5.9196842 5.9486090 6.1469631 5.9307892 6.0662612 5.9955199 5.8800701 6.2675034 6.2757534 5.9486090 6.3622169 6.2751791 5.8595543 5.9991902 6.0540125 6.0613496 5.9407516 6.3243202 6.3356807 5.9150229 5.9286986 
PP753188.1_CAT_ 6.0484349 0.0000000 0.0006820 0.0006822 0.0006822 0.0013672 0.0006820 0.0006823 0.0020544 0.0006820 0.0013671 0.0006820 0.0020529 0.0013668 0.0013684 0.0006822 0.0562232 0.0781779 0.0703370 0.0695616 0.0703088 0.0838751 0.0537453 0.2192122 0.2204816 0.0721028 0.0773527 0.2236355 0.0724057 0.0520267 0.2179447 0.0677416 0.0772593 0.0694436 0.0754661 0.0069165 0.2160473 0.0703088 0.0537423 0.0685844 0.1825401 0.0554293 0.0794879 0.0704203 0.0521087 0.2204966 0.2249922 0.0712371 0.2228837 0.2133098 0.0545643 0.0730997 0.0801991 0.0076194 0.0773527 0.2174326 0.2220647 0.0563074 0.0703088 
PP753740.1_CAT_ 6.0687282 0.0006820 0.0000000 0.0013671 0.0013671 0.0006822 0.0013667 0.0013672 0.0027422 0.0013668 0.0006822 0.0013667 0.0027403 0.0020524 0.0006828 0.0013671 0.0570478 0.0790576 0.0712004 0.0704244 0.0711717 0.0847796 0.0545643 0.2204816 0.2217530 0.0729703 0.0782314 0.2249152 0.0732771 0.0528407 0.2192122 0.0685992 0.0781366 0.0703047 0.0763392 0.0076165 0.2173018 0.0711717 0.0545612 0.0694436 0.1813341 0.0562526 0.0803746 0.0712848 0.0529241 0.2217680 0.2262737 0.0721028 0.2241656 0.2145592 0.0553851 0.0739709 0.0810861 0.0083213 0.0782314 0.2186983 0.2233400 0.0571335 0.0711717 
PP752820.1_CAT_ 6.0550404 0.0006822 0.0013671 0.0000000 0.0013676 0.0020537 0.0013671 0.0013676 0.0013676 0.0013672 0.0006820 0.0013671 0.0013666 0.0020531 0.0020555 0.0013676 0.0553737 0.0790952 0.0712333 0.0704569 0.0712046 0.0848213 0.0529029 0.2206364 0.2219087 0.0730043 0.0782685 0.2250739 0.0733113 0.0511893 0.2193659 0.0686306 0.0781736 0.0703370 0.0763751 0.0076191 0.2174528 0.0712046 0.0528998 0.0694755 0.1812110 0.0545815 0.0804131 0.0713178 0.0512707 0.2219238 0.2264334 0.0721363 0.2243241 0.2147079 0.0537196 0.0740055 0.0811250 0.0083241 0.0782685 0.2188515 0.2234972 0.0554564 0.0712046 
PP755964.1_CAT_ 6.0226734 0.0006822 0.0013671 0.0013676 0.0000000 0.0020537 0.0013671 0.0013676 0.0027431 0.0013672 0.0020536 0.0013671 0.0027412 0.0020531 0.0020555 0.0013676 0.0570725 0.0790952 0.0712333 0.0704569 0.0712046 0.0848213 0.0545878 0.2206364 0.2219087 0.0730043 0.0782685 0.2250739 0.0733113 0.0528632 0.2193659 0.0686306 0.0781736 0.0703370 0.0763751 0.0076191 0.2174528 0.0712046 0.0545847 0.0694755 0.1838592 0.0562770 0.0804131 0.0713178 0.0529467 0.2219238 0.2264334 0.0721363 0.2243241 0.2147079 0.0554090 0.0740055 0.0811250 0.0083241 0.0782685 0.2188515 0.2234972 0.0571583 0.0712046 
PP755684.1_CAT_ 6.0465875 0.0013672 0.0006822 0.0020537 0.0020537 0.0000000 0.0020530 0.0020538 0.0034328 0.0020531 0.0013676 0.0020530 0.0034304 0.0027405 0.0013688 0.0020537 0.0579022 0.0799816 0.0721028 0.0713259 0.0720736 0.0857331 0.0554118 0.2190587 0.2203271 0.0738781 0.0791538 0.2234781 0.0741890 0.0536820 0.2177921 0.0694941 0.0790576 0.0712042 0.0772547 0.0083213 0.2158975 0.0720736 0.0554086 0.0703408 0.1800223 0.0571054 0.0813067 0.0721886 0.0537680 0.2203420 0.2248336 0.0730082 0.2227264 0.2131623 0.0562347 0.0748831 0.0820188 0.0090282 0.0791538 0.2172806 0.2219087 0.0579895 0.0720736 
PP753116.1_CAT_ 6.0484349 0.0006820 0.0013667 0.0013671 0.0013671 0.0020530 0.0000000 0.0013672 0.0027422 0.0013668 0.0020529 0.0013667 0.0027403 0.0020524 0.0020549 0.0013671 0.0570478 0.0790576 0.0712004 0.0704244 0.0711717 0.0847796 0.0545643 0.2179299 0.2191973 0.0729703 0.0782314 0.2223427 0.0732771 0.0528407 0.2166643 0.0685992 0.0781366 0.0703047 0.0763392 0.0076165 0.2147802 0.0711717 0.0545612 0.0694436 0.1837359 0.0562526 0.0803746 0.0712848 0.0529241 0.2192122 0.2236973 0.0721028 0.2215886 0.2120481 0.0553851 0.0739709 0.0810861 0.0083213 0.0782314 0.2161541 0.2207764 0.0571335 0.0711717 
PP753132.1_CAT_ 6.0263632 0.0006823 0.0013672 0.0013676 0.0013676 0.0020538 0.0013672 0.0000000 0.0027432 0.0013673 0.0020537 0.0013672 0.0027413 0.0020531 0.0020556 0.0013676 0.0570754 0.0790995 0.0712371 0.0704607 0.0712084 0.0848261 0.0545905 0.2206553 0.2219278 0.0730082 0.0782727 0.2250934 0.0733153 0.0528658 0.2193847 0.0686342 0.0781779 0.0703408 0.0763792 0.0076194 0.2174712 0.0712084 0.0545874 0.0694792 0.1838737 0.0562798 0.0804176 0.0713217 0.0529494 0.2219429 0.2264531 0.0721401 0.2243436 0.2147259 0.0554118 0.0740095 0.0811294 0.0083245 0.0782727 0.2188702 0.2235165 0.0571612 0.0712084 
PP753620.1_CAT_ 6.0226734 0.0020544 0.0027422 0.0013676 0.0027431 0.0034328 0.0027422 0.0027432 0.0000000 0.0027423 0.0020536 0.0027422 0.0027412 0.0034317 0.0034359 0.0027431 0.0570725 0.0790952 0.0712333 0.0704569 0.0712046 0.0848213 0.0545878 0.2235165 0.2247948 0.0730043 0.0782685 0.2279829 0.0733113 0.0528632 0.2222400 0.0686306 0.0781736 0.0703370 0.0763751 0.0090309 0.2202948 0.0712046 0.0545847 0.0694755 0.1838592 0.0562770 0.0804131 0.0713178 0.0529467 0.2248100 0.2264334 0.0721363 0.2272374 0.2175347 0.0554090 0.0740055 0.0811250 0.0097401 0.0782685 0.2217209 0.2263942 0.0571583 0.0712046 
PP752788.1_CAT_ 6.0695649 0.0006820 0.0013668 0.0013672 0.0013672 0.0020531 0.0013668 0.0013673 0.0027423 0.0000000 0.0020531 0.0013668 0.0027404 0.0020525 0.0020550 0.0013672 0.0570510 0.0790623 0.0712046 0.0704286 0.0711759 0.0847847 0.0545675 0.2204966 0.2217680 0.0729746 0.0782360 0.2249305 0.0732814 0.0528437 0.2192271 0.0686032 0.0781412 0.0703088 0.0763437 0.0076169 0.2173164 0.0711759 0.0545643 0.0694477 0.1837483 0.0562558 0.0803794 0.0712890 0.0529271 0.2217831 0.2262890 0.0721071 0.2241809 0.2145736 0.0553883 0.0739752 0.0810909 0.0083217 0.0782360 0.2187131 0.2233551 0.0571368 0.0711759 
PP755972.1_CAT_ 6.0753531 0.0013671 0.0006822 0.0006820 0.0020536 0.0013676 0.0020529 0.0020537 0.0020536 0.0020531 0.0000000 0.0020529 0.0020522 0.0027404 0.0013688 0.0020536 0.0561960 0.0799773 0.0720989 0.0713220 0.0720698 0.0857283 0.0537196 0.2219087 0.2231830 0.0738741 0.0791494 0.2263565 0.0741850 0.0520020 0.2206364 0.0694904 0.0790533 0.0712004 0.0772505 0.0083209 0.2187102 0.0720698 0.0537166 0.0703370 0.1800082 0.0554026 0.0813022 0.0721847 0.0520839 0.2231981 0.2277178 0.0730043 0.2256090 0.2159601 0.0545382 0.0748790 0.0820143 0.0090278 0.0791494 0.2201202 0.2247754 0.0562802 0.0720698 
PP799578.1_CAT_ 6.0484349 0.0006820 0.0013667 0.0013671 0.0013671 0.0020530 0.0013667 0.0013672 0.0027422 0.0013668 0.0020529 0.0000000 0.0027403 0.0006820 0.0020549 0.0013671 0.0570478 0.0790576 0.0712004 0.0704244 0.0711717 0.0847796 0.0545643 0.2192122 0.2204816 0.0729703 0.0782314 0.2236355 0.0732771 0.0528407 0.2179447 0.0685992 0.0781366 0.0703047 0.0763392 0.0076165 0.2160473 0.0711717 0.0545612 0.0694436 0.1825401 0.0562526 0.0803746 0.0712848 0.0529241 0.2204966 0.2249922 0.0721028 0.2228837 0.2133098 0.0553851 0.0739709 0.0810861 0.0083213 0.0782314 0.2174326 0.2220647 0.0571335 0.0711717 
PP753724.1_CAT_ 6.0339615 0.0020529 0.0027403 0.0013666 0.0027412 0.0034304 0.0027403 0.0027413 0.0027412 0.0027404 0.0020522 0.0027403 0.0000000 0.0034293 0.0034334 0.0027412 0.0561960 0.0773273 0.0712291 0.0721890 0.0712004 0.0848162 0.0537196 0.2193510 0.2206214 0.0730000 0.0765029 0.2237780 0.0733070 0.0520020 0.2206364 0.0686265 0.0764106 0.0703329 0.0746208 0.0090243 0.2161827 0.0712004 0.0537166 0.0694714 0.1788077 0.0554026 0.0786311 0.0713136 0.0520839 0.2206364 0.2251356 0.0721320 0.2230260 0.2134431 0.0545382 0.0740011 0.0793424 0.0097330 0.0765029 0.2175700 0.2222058 0.0562802 0.0712004 
PP799270.1_CAT_ 6.0695649 0.0013668 0.0020524 0.0020531 0.0020531 0.0027405 0.0020524 0.0020531 0.0034317 0.0020525 0.0027404 0.0006820 0.0034293 0.0000000 0.0027430 0.0020531 0.0578774 0.0799439 0.0720698 0.0712932 0.0720406 0.0847796 0.0553883 0.2204966 0.2217680 0.0738440 0.0791165 0.2249305 0.0741546 0.0536594 0.2192271 0.0694626 0.0790205 0.0711717 0.0772187 0.0083185 0.2173164 0.0720406 0.0553851 0.0703088 0.1813464 0.0570809 0.0803746 0.0721555 0.0537453 0.2217831 0.2262890 0.0729746 0.2241809 0.2145736 0.0562108 0.0748483 0.0819797 0.0090252 0.0791165 0.2187131 0.2233551 0.0579646 0.0720406 
PP753644.1_CAT_ 6.1166776 0.0013684 0.0006828 0.0020555 0.0020555 0.0013688 0.0020549 0.0020556 0.0034359 0.0020550 0.0013688 0.0020549 0.0034334 0.0027430 0.0000000 0.0020555 0.0579648 0.0791911 0.0721847 0.0714068 0.0721555 0.0858356 0.0554712 0.2210519 0.2223276 0.0739625 0.0783632 0.2255022 0.0742741 0.0537392 0.2197781 0.0695725 0.0782681 0.0712848 0.0764669 0.0083289 0.2178568 0.0721555 0.0554680 0.0704203 0.1817690 0.0571670 0.0805114 0.0703188 0.0538245 0.2223427 0.2268653 0.0730914 0.2247516 0.2151045 0.0562952 0.0749690 0.0812242 0.0090364 0.0783632 0.2192620 0.2239207 0.0580523 0.0721555 
PP753516.1_CAT_ 6.0226734 0.0006822 0.0013671 0.0013676 0.0013676 0.0020537 0.0013671 0.0013676 0.0027431 0.0013672 0.0020536 0.0013671 0.0027412 0.0020531 0.0020555 0.0000000 0.0570725 0.0790952 0.0712333 0.0704569 0.0712046 0.0848213 0.0545878 0.2206364 0.2219087 0.0730043 0.0782685 0.2250739 0.0733113 0.0528632 0.2193659 0.0686306 0.0781736 0.0703370 0.0763751 0.0076191 0.2174528 0.0712046 0.0545847 0.0694755 0.1838592 0.0562770 0.0804131 0.0713178 0.0529467 0.2219238 0.2264334 0.0721363 0.2243241 0.2147079 0.0554090 0.0740055 0.0811250 0.0083241 0.0782685 0.2188515 0.2234972 0.0571583 0.0712046 
PP801926.1_AVI_ 5.8370504 0.0562232 0.0570478 0.0553737 0.0570725 0.0579022 0.0570478 0.0570754 0.0570725 0.0570510 0.0561960 0.0570478 0.0561960 0.0578774 0.0579648 0.0570725 0.0000000 0.0843952 0.0808144 0.0818196 0.0807803 0.0932220 0.0048272 0.2371464 0.2384638 0.0789882 0.0835535 0.2417893 0.0830023 0.0034356 0.2371464 0.0781210 0.0834498 0.0798833 0.0834046 0.0579563 0.2323997 0.0789929 0.0048269 0.0789929 0.1872422 0.0062280 0.0827403 0.0809139 0.0048272 0.2384801 0.2431935 0.0817531 0.2371464 0.2295498 0.0055228 0.0816339 0.0864898 0.0571037 0.0835535 0.2352862 0.2401286 0.0069284 0.0807803 
OQ967561.1_AVI_ 5.9853814 0.0781779 0.0790576 0.0790952 0.0790952 0.0799816 0.0790576 0.0790995 0.0790952 0.0790623 0.0799773 0.0790576 0.0773273 0.0799439 0.0791911 0.0790952 0.0843952 0.0000000 0.0366608 0.0382602 0.0366483 0.0491079 0.0852777 0.2251183 0.2264032 0.0382303 0.0034381 0.2270122 0.0383856 0.0833228 0.2264186 0.0351234 0.0020549 0.0358729 0.0020542 0.0800633 0.2205846 0.0366483 0.0852726 0.0351012 0.1869544 0.0844481 0.0034507 0.0359248 0.0852777 0.2264186 0.2280526 0.0358729 0.2288673 0.2178146 0.0861812 0.0390706 0.0041348 0.0791424 0.0034381 0.2249307 0.2280128 0.0881725 0.0366483 
OQ965457.1_AVI_ 5.9704141 0.0703370 0.0712004 0.0712333 0.0712333 0.0721028 0.0712004 0.0712371 0.0712333 0.0712046 0.0720989 0.0712004 0.0712291 0.0720698 0.0721847 0.0712333 0.0808144 0.0366608 0.0000000 0.0027451 0.0013677 0.0402848 0.0798996 0.2203377 0.2216176 0.0027431 0.0359093 0.2248010 0.0027541 0.0779789 0.2216327 0.0013685 0.0358712 0.0006825 0.0358554 0.0721744 0.2145850 0.0013677 0.0798948 0.0013677 0.1843184 0.0817600 0.0376284 0.0013693 0.0798996 0.2216327 0.2232539 0.0020551 0.2240459 0.2131053 0.0807919 0.0034374 0.0383191 0.0712747 0.0374910 0.2214285 0.2232152 0.0808696 0.0013677 
OQ962777.1_AVI_ 5.9238859 0.0695616 0.0704244 0.0704569 0.0704569 0.0713259 0.0704244 0.0704607 0.0704569 0.0704286 0.0713220 0.0704244 0.0721890 0.0712932 0.0714068 0.0704569 0.0818196 0.0382602 0.0027451 0.0000000 0.0027444 0.0419251 0.0809010 0.2220687 0.2233541 0.0041283 0.0390976 0.2265562 0.0041447 0.0789713 0.2207852 0.0027460 0.0374654 0.0020559 0.0374487 0.0713966 0.2162774 0.0027444 0.0808961 0.0027444 0.1858733 0.0827693 0.0392410 0.0027477 0.0809010 0.2233694 0.2249999 0.0034365 0.2258025 0.2147901 0.0817966 0.0048283 0.0399326 0.0704978 0.0390976 0.2231652 0.2249607 0.0837612 0.0027444 
OQ959337.1_AVI_ 5.9694034 0.0703088 0.0711717 0.0712046 0.0712046 0.0720736 0.0711717 0.0712084 0.0712046 0.0711759 0.0720698 0.0711717 0.0712004 0.0720406 0.0721555 0.0712046 0.0807803 0.0366483 0.0013677 0.0027444 0.0000000 0.0402708 0.0798660 0.2201972 0.2214762 0.0027424 0.0374782 0.2246568 0.0027533 0.0779463 0.2214913 0.0013681 0.0358591 0.0006823 0.0358433 0.0721452 0.2144499 0.0013673 0.0798612 0.0013673 0.1842067 0.0817253 0.0376155 0.0013690 0.0798660 0.2214913 0.2231111 0.0020545 0.2239020 0.2129714 0.0807578 0.0034364 0.0383059 0.0712459 0.0374782 0.2212871 0.2230725 0.0827118 0.0013673 
PP755556.1_AVI_ 5.9895644 0.0838751 0.0847796 0.0848213 0.0848213 0.0857331 0.0847796 0.0848261 0.0848213 0.0847847 0.0857283 0.0847796 0.0848162 0.0847796 0.0858356 0.0848213 0.0932220 0.0491079 0.0402848 0.0419251 0.0402708 0.0000000 0.0931931 0.2251030 0.2263946 0.0418917 0.0499971 0.2296207 0.0420641 0.0920896 0.2264101 0.0387124 0.0466186 0.0394776 0.0482520 0.0858238 0.2205461 0.0402708 0.0931874 0.0386885 0.1850245 0.0942180 0.0484098 0.0403283 0.0931931 0.2264101 0.2280526 0.0410966 0.2275536 0.2177621 0.0941276 0.0419564 0.0492069 0.0848737 0.0499971 0.2262065 0.2250834 0.0971545 0.0402708 
OQ957665.1_AVI_ 5.8800701 0.0537453 0.0545643 0.0529029 0.0545878 0.0554118 0.0545643 0.0545905 0.0545878 0.0545675 0.0537196 0.0545643 0.0537196 0.0553883 0.0554712 0.0545878 0.0048272 0.0852777 0.0798996 0.0809010 0.0798660 0.0931931 0.0000000 0.2356957 0.2370102 0.0799377 0.0844352 0.2403242 0.0820781 0.0013695 0.2356957 0.0772133 0.0843302 0.0789713 0.0842844 0.0554630 0.2309712 0.0780832 0.0013681 0.0780832 0.1859245 0.0055293 0.0836217 0.0799976 0.0013682 0.2370264 0.2417258 0.0808354 0.2356957 0.2281287 0.0006827 0.0807179 0.0873789 0.0546173 0.0844352 0.2338405 0.2386696 0.0048330 0.0798660 
OQ966193.1_AVI_ 6.2675034 0.2192122 0.2204816 0.2206364 0.2206364 0.2190587 0.2179299 0.2206553 0.2235165 0.2204966 0.2219087 0.2192122 0.2193510 0.2204966 0.2210519 0.2206364 0.2371464 0.2251183 0.2203377 0.2220687 0.2201972 0.2251030 0.2356957 0.0000000 0.0006826 0.2230766 0.2269924 0.0020569 0.2216414 0.2324212 0.0006826 0.2176714 0.2236579 0.2189052 0.2234809 0.2140300 0.0083698 0.2176302 0.2356795 0.2176302 0.1092838 0.2386583 0.2214735 0.2194737 0.2330565 0.0006826 0.0034361 0.2217935 0.0020590 0.0097856 0.2370102 0.2227646 0.2259368 0.2126220 0.2269924 0.0027481 0.0020555 0.2403629 0.2201972 
OQ959233.1_AVI_ 6.2675034 0.2204816 0.2217530 0.2219087 0.2219087 0.2203271 0.2191973 0.2219278 0.2247948 0.2217680 0.2231830 0.2204816 0.2206214 0.2217680 0.2223276 0.2219087 0.2384638 0.2264032 0.2216176 0.2233541 0.2214762 0.2263946 0.2370102 0.0006826 0.0000000 0.2243616 0.2282836 0.0027455 0.2229296 0.2337272 0.0013680 0.2189466 0.2249397 0.2201822 0.2247615 0.2152915 0.0090773 0.2189052 0.2369939 0.2189052 0.1102413 0.2399787 0.2227485 0.2207550 0.2343670 0.0013680 0.0041279 0.2230766 0.0027484 0.0104961 0.2383266 0.2240492 0.2272283 0.2138806 0.2282836 0.0034389 0.0027437 0.2416874 0.2214762 
OQ965401.1_AVI_ 5.9685830 0.0721028 0.0729703 0.0730043 0.0730043 0.0738781 0.0729703 0.0730082 0.0730043 0.0729746 0.0738741 0.0729703 0.0730000 0.0738440 0.0739625 0.0730043 0.0789882 0.0382303 0.0027431 0.0041283 0.0027424 0.0418917 0.0799377 0.2230766 0.2243616 0.0000000 0.0390669 0.2275653 0.0041417 0.0780157 0.2243769 0.0027440 0.0374362 0.0020544 0.0374195 0.0739520 0.2172787 0.0027424 0.0799329 0.0027424 0.1868714 0.0817993 0.0392101 0.0027457 0.0799377 0.2243769 0.2260082 0.0034340 0.2268147 0.2157910 0.0808306 0.0048248 0.0399012 0.0730470 0.0390669 0.2241732 0.2259688 0.0827870 0.0027424 
OQ960153.1_AVI_ 5.9880443 0.0773527 0.0782314 0.0782685 0.0782685 0.0791538 0.0782314 0.0782727 0.0782685 0.0782360 0.0791494 0.0782314 0.0765029 0.0791165 0.0783632 0.0782685 0.0835535 0.0034381 0.0359093 0.0390976 0.0374782 0.0499971 0.0844352 0.2269924 0.2282836 0.0390669 0.0000000 0.2289009 0.0392259 0.0824843 0.2282991 0.0359479 0.0027464 0.0366998 0.0027454 0.0792344 0.2224216 0.0374782 0.0844301 0.0359251 0.1913293 0.0836058 0.0041507 0.0367531 0.0844352 0.2282991 0.2299437 0.0366998 0.2307703 0.2196366 0.0853375 0.0399118 0.0048356 0.0783151 0.0013683 0.2268050 0.2299033 0.0854209 0.0374782 
OQ961721.1_AVI_ 6.2622145 0.2236355 0.2249152 0.2250739 0.2250739 0.2234781 0.2223427 0.2250934 0.2279829 0.2249305 0.2263565 0.2236355 0.2237780 0.2249305 0.2255022 0.2250739 0.2417893 0.2270122 0.2248010 0.2265562 0.2246568 0.2296207 0.2403242 0.0020569 0.0027455 0.2275653 0.2289009 0.0000000 0.2261373 0.2370102 0.0027457 0.2221109 0.2255432 0.2233541 0.2253640 0.2184114 0.0105120 0.2220687 0.2403078 0.2220687 0.1123858 0.2433161 0.2233427 0.2239395 0.2376637 0.0027457 0.0055236 0.2262719 0.0041374 0.0119391 0.2416492 0.2272513 0.2278429 0.2169892 0.2289009 0.0048318 0.0041303 0.2450403 0.2246568 
OQ961329.1_AVI_ 6.0016921 0.0724057 0.0732771 0.0733113 0.0733113 0.0741890 0.0732771 0.0733153 0.0733113 0.0732814 0.0741850 0.0732771 0.0733070 0.0741546 0.0742741 0.0733113 0.0830023 0.0383856 0.0027541 0.0041447 0.0027533 0.0420641 0.0820781 0.2216414 0.2229296 0.0041417 0.0392259 0.2261373 0.0000000 0.0801353 0.2229449 0.0027549 0.0375881 0.0020626 0.0375714 0.0742635 0.2158412 0.0027533 0.0820731 0.0027533 0.1878146 0.0839580 0.0393702 0.0027566 0.0820781 0.2229449 0.2245784 0.0034476 0.2253810 0.2143510 0.0829787 0.0048440 0.0400638 0.0733544 0.0392259 0.2227400 0.2245391 0.0849569 0.0027533 
OQ957681.1_AVI_ 5.8529574 0.0520267 0.0528407 0.0511893 0.0528632 0.0536820 0.0528407 0.0528658 0.0528632 0.0528437 0.0520020 0.0528407 0.0520020 0.0536594 0.0537392 0.0528632 0.0034356 0.0833228 0.0779789 0.0789713 0.0779463 0.0920896 0.0013695 0.2324212 0.2337272 0.0780157 0.0824843 0.2370102 0.0801353 0.0000000 0.2324212 0.0753104 0.0823825 0.0770574 0.0823381 0.0537312 0.2277539 0.0761750 0.0013695 0.0761750 0.1830179 0.0041321 0.0816737 0.0780739 0.0013695 0.2337431 0.2384034 0.0789076 0.2324212 0.2249325 0.0020565 0.0787939 0.0854037 0.0528916 0.0824843 0.2305803 0.2353719 0.0034398 0.0779463 
OQ962753.1_AVI_ 6.2894758 0.2179447 0.2192122 0.2193659 0.2193659 0.2177921 0.2166643 0.2193847 0.2222400 0.2192271 0.2206364 0.2179447 0.2206364 0.2192271 0.2197781 0.2193659 0.2371464 0.2264186 0.2216327 0.2207852 0.2214913 0.2264101 0.2356957 0.0006826 0.0013680 0.2243769 0.2282991 0.0027457 0.2229449 0.2324212 0.0000000 0.2189616 0.2249551 0.2201972 0.2247768 0.2127704 0.0090778 0.2189202 0.2356795 0.2189202 0.1102480 0.2386583 0.2227636 0.2207701 0.2330565 0.0013680 0.0041281 0.2230918 0.0027486 0.0104967 0.2370102 0.2240645 0.2272439 0.2113654 0.2282991 0.0034391 0.0027439 0.2403629 0.2214913 
OQ966473.1_AVI_ 5.9427584 0.0677416 0.0685992 0.0686306 0.0686306 0.0694941 0.0685992 0.0686342 0.0686306 0.0686032 0.0694904 0.0685992 0.0686265 0.0694626 0.0695725 0.0686306 0.0781210 0.0351234 0.0013685 0.0027460 0.0013681 0.0387124 0.0772133 0.2176714 0.2189466 0.0027440 0.0359479 0.2221109 0.0027549 0.0753104 0.2189616 0.0000000 0.0343378 0.0006827 0.0343228 0.0695625 0.2119616 0.0013681 0.0772087 0.0013681 0.1818272 0.0790586 0.0360796 0.0013697 0.0772133 0.2189616 0.2205732 0.0020556 0.2213514 0.2104894 0.0780997 0.0034384 0.0367705 0.0686700 0.0359479 0.2187568 0.2205351 0.0800360 0.0013681 
OQ957857.1_AVI_ 5.9919332 0.0772593 0.0781366 0.0781736 0.0781736 0.0790576 0.0781366 0.0781779 0.0781736 0.0781412 0.0790533 0.0781366 0.0764106 0.0790205 0.0782681 0.0781736 0.0834498 0.0020549 0.0358712 0.0374654 0.0358591 0.0466186 0.0843302 0.2236579 0.2249397 0.0374362 0.0027464 0.2255432 0.0375881 0.0823825 0.2249551 0.0343378 0.0000000 0.0350858 0.0013674 0.0791381 0.2191470 0.0358591 0.0843252 0.0343161 0.1882913 0.0835020 0.0027565 0.0351364 0.0843302 0.2249551 0.2265831 0.0350858 0.2273899 0.2163849 0.0852312 0.0382730 0.0020584 0.0782201 0.0027464 0.2234700 0.2265437 0.0872150 0.0358591 
OQ963161.1_AVI_ 5.9486090 0.0694436 0.0703047 0.0703370 0.0703370 0.0712042 0.0703047 0.0703408 0.0703370 0.0703088 0.0712004 0.0703047 0.0703329 0.0711717 0.0712848 0.0703370 0.0798833 0.0358729 0.0006825 0.0020559 0.0006823 0.0394776 0.0789713 0.2189052 0.2201822 0.0020544 0.0366998 0.2233541 0.0020626 0.0770574 0.2201972 0.0006827 0.0350858 0.0000000 0.0350703 0.0712747 0.2131776 0.0006823 0.0789665 0.0006823 0.1829925 0.0808257 0.0368342 0.0006831 0.0789713 0.2201972 0.2218127 0.0013681 0.2225970 0.2117025 0.0798612 0.0027460 0.0375246 0.0703777 0.0366998 0.2199927 0.2217743 0.0818091 0.0006823 
OQ961873.1_AVI_ 5.9455900 0.0754661 0.0763392 0.0763751 0.0763751 0.0772547 0.0763392 0.0763792 0.0763751 0.0763437 0.0772505 0.0763392 0.0746208 0.0772187 0.0764669 0.0763751 0.0834046 0.0020542 0.0358554 0.0374487 0.0358433 0.0482520 0.0842844 0.2234809 0.2247615 0.0374195 0.0027454 0.2253640 0.0375714 0.0823381 0.2247768 0.0343228 0.0013674 0.0350703 0.0000000 0.0790961 0.2189755 0.0358433 0.0842794 0.0343011 0.1857198 0.0834567 0.0027554 0.0351209 0.0842844 0.2247768 0.2264032 0.0350703 0.2272085 0.2162160 0.0851848 0.0382559 0.0034393 0.0781788 0.0027454 0.2232930 0.2263638 0.0871671 0.0358433 
OQ960937.1_AVI_ 6.0355183 0.0069165 0.0076165 0.0076191 0.0076191 0.0083213 0.0076165 0.0076194 0.0090309 0.0076169 0.0083209 0.0076165 0.0090243 0.0083185 0.0083289 0.0076191 0.0579563 0.0800633 0.0721744 0.0713966 0.0721452 0.0858238 0.0554630 0.2140300 0.2152915 0.0739520 0.0792344 0.2184114 0.0742635 0.0537312 0.2127704 0.0695625 0.0791381 0.0712747 0.0790961 0.0000000 0.2109262 0.0721452 0.0554598 0.0704102 0.1826991 0.0571585 0.0813905 0.0722604 0.0538164 0.2153062 0.2197602 0.0730810 0.2176505 0.2082102 0.0562869 0.0749584 0.0821035 0.0006821 0.0792344 0.2122658 0.2168585 0.0580437 0.0721452 
PP802475.1_AVI_ 6.2429029 0.2160473 0.2173018 0.2174528 0.2174528 0.2158975 0.2147802 0.2174712 0.2202948 0.2173164 0.2187102 0.2160473 0.2161827 0.2173164 0.2178568 0.2174528 0.2323997 0.2205846 0.2145850 0.2162774 0.2144499 0.2205461 0.2309712 0.0083698 0.0090773 0.2172787 0.2224216 0.0105120 0.2158412 0.2277539 0.0090778 0.2119616 0.2191470 0.2131776 0.2189755 0.2109262 0.0000000 0.2119218 0.2309554 0.2119218 0.1096056 0.2338886 0.2170040 0.2137220 0.2283675 0.0090778 0.0119418 0.2160149 0.0105235 0.0027458 0.2322681 0.2191414 0.2213735 0.2095368 0.2224216 0.0083775 0.0105049 0.2355641 0.2144499 
OQ966633.1_AVI_ 5.9286986 0.0703088 0.0711717 0.0712046 0.0712046 0.0720736 0.0711717 0.0712084 0.0712046 0.0711759 0.0720698 0.0711717 0.0712004 0.0720406 0.0721555 0.0712046 0.0789929 0.0366483 0.0013677 0.0027444 0.0013673 0.0402708 0.0780832 0.2176302 0.2189052 0.0027424 0.0374782 0.2220687 0.0027533 0.0761750 0.2189202 0.0013681 0.0358591 0.0006823 0.0358433 0.0721452 0.2119218 0.0000000 0.0780785 0.0013673 0.1817929 0.0799329 0.0376155 0.0013690 0.0780832 0.2189202 0.2205314 0.0020545 0.2213093 0.2104500 0.0789713 0.0034364 0.0383059 0.0712459 0.0374782 0.2187154 0.2204934 0.0809132 0.0013673 
OQ964593.1_AVI_ 5.9196842 0.0537423 0.0545612 0.0528998 0.0545847 0.0554086 0.0545612 0.0545874 0.0545847 0.0545643 0.0537166 0.0545612 0.0537166 0.0553851 0.0554680 0.0545847 0.0048269 0.0852726 0.0798948 0.0808961 0.0798612 0.0931874 0.0013681 0.2356795 0.2369939 0.0799329 0.0844301 0.2403078 0.0820731 0.0013695 0.2356795 0.0772087 0.0843252 0.0789665 0.0842794 0.0554598 0.2309554 0.0780785 0.0000000 0.0780785 0.1859117 0.0055290 0.0836166 0.0799928 0.0013681 0.2370102 0.2417092 0.0808306 0.2356795 0.2281132 0.0020544 0.0807131 0.0873737 0.0546142 0.0844301 0.2338245 0.2386533 0.0048328 0.0798612 
OQ960809.1_AVI_ 5.9486090 0.0685844 0.0694436 0.0694755 0.0694755 0.0703408 0.0694436 0.0694792 0.0694755 0.0694477 0.0703370 0.0694436 0.0694714 0.0703088 0.0704203 0.0694755 0.0789929 0.0351012 0.0013677 0.0027444 0.0013673 0.0386885 0.0780832 0.2176302 0.2189052 0.0027424 0.0359251 0.2220687 0.0027533 0.0761750 0.2189202 0.0013681 0.0343161 0.0006823 0.0343011 0.0704102 0.2119218 0.0013673 0.0780785 0.0000000 0.1817929 0.0799329 0.0360568 0.0013690 0.0780832 0.2189202 0.2205314 0.0020545 0.2213093 0.2104500 0.0789713 0.0034364 0.0367471 0.0695156 0.0359251 0.2187154 0.2204934 0.0809132 0.0013673 
OR267215.1_AVI_ 6.1469631 0.1825401 0.1813341 0.1812110 0.1838592 0.1800223 0.1837359 0.1838737 0.1838592 0.1837483 0.1800082 0.1825401 0.1788077 0.1813464 0.1817690 0.1838592 0.1872422 0.1869544 0.1843184 0.1858733 0.1842067 0.1850245 0.1859245 0.1092838 0.1102413 0.1868714 0.1913293 0.1123858 0.1878146 0.1830179 0.1102480 0.1818272 0.1882913 0.1829925 0.1857198 0.1826991 0.1096056 0.1817929 0.1859117 0.1817929 0.0000000 0.1886159 0.1884732 0.1834347 0.1859245 0.1083282 0.1133874 0.1856634 0.1116035 0.1075864 0.1846931 0.1865803 0.1902834 0.1813823 0.1886206 0.1114680 0.1092772 0.1888905 0.1842067 
OQ965865.1_AVI_ 5.9307892 0.0554293 0.0562526 0.0545815 0.0562770 0.0571054 0.0562526 0.0562798 0.0562770 0.0562558 0.0554026 0.0562526 0.0554026 0.0570809 0.0571670 0.0562770 0.0062280 0.0844481 0.0817600 0.0827693 0.0817253 0.0942180 0.0055293 0.2386583 0.2399787 0.0817993 0.0836058 0.2433161 0.0839580 0.0041321 0.2386583 0.0790586 0.0835020 0.0808257 0.0834567 0.0571585 0.2338886 0.0799329 0.0055290 0.0799329 0.1886159 0.0000000 0.0827921 0.0818609 0.0055293 0.2399951 0.2447230 0.0827019 0.2386583 0.2310309 0.0062273 0.0825807 0.0865444 0.0563076 0.0836058 0.2329602 0.2416490 0.0076386 0.0817253 
OQ962625.1_AVI_ 6.0662612 0.0794879 0.0803746 0.0804131 0.0804131 0.0813067 0.0803746 0.0804176 0.0804131 0.0803794 0.0813022 0.0803746 0.0786311 0.0803746 0.0805114 0.0804131 0.0827403 0.0034507 0.0376284 0.0392410 0.0376155 0.0484098 0.0836217 0.2214735 0.2227485 0.0392101 0.0041507 0.2233427 0.0393702 0.0816737 0.2227636 0.0360796 0.0027565 0.0368342 0.0027554 0.0813905 0.2170040 0.0376155 0.0836166 0.0360568 0.1884732 0.0827921 0.0000000 0.0368880 0.0836217 0.2227636 0.2243801 0.0368342 0.2251736 0.2142584 0.0845234 0.0400583 0.0048532 0.0804616 0.0041507 0.2212853 0.2243413 0.0865072 0.0376155 
OQ962233.1_AVI_ 5.9955199 0.0704203 0.0712848 0.0713178 0.0713178 0.0721886 0.0712848 0.0713217 0.0713178 0.0712890 0.0721847 0.0712848 0.0713136 0.0721555 0.0703188 0.0713178 0.0809139 0.0359248 0.0013693 0.0027477 0.0013690 0.0403283 0.0799976 0.2194737 0.2207550 0.0027457 0.0367531 0.2239395 0.0027566 0.0780739 0.2207701 0.0013697 0.0351364 0.0006831 0.0351209 0.0722604 0.2137220 0.0013690 0.0799928 0.0013690 0.1834347 0.0818609 0.0368880 0.0000000 0.0799976 0.2207701 0.2223919 0.0020570 0.2231813 0.2122415 0.0808913 0.0034406 0.0375794 0.0713593 0.0367531 0.2205652 0.2223533 0.0828496 0.0013690 
OQ963017.1_AVI_ 5.8800701 0.0521087 0.0529241 0.0512707 0.0529467 0.0537680 0.0529241 0.0529494 0.0529467 0.0529271 0.0520839 0.0529241 0.0520839 0.0537453 0.0538245 0.0529467 0.0048272 0.0852777 0.0798996 0.0809010 0.0798660 0.0931931 0.0013682 0.2330565 0.2343670 0.0799377 0.0844352 0.2376637 0.0820781 0.0013695 0.2330565 0.0772133 0.0843302 0.0789713 0.0842844 0.0538164 0.2283675 0.0780832 0.0013681 0.0780832 0.1859245 0.0055293 0.0836217 0.0799976 0.0000000 0.2343831 0.2390617 0.0808354 0.2330565 0.2255358 0.0020545 0.0807179 0.0873789 0.0529753 0.0844352 0.2312086 0.2360185 0.0048330 0.0798660 
OQ961041.1_AVI_ 6.2675034 0.2204966 0.2217680 0.2219238 0.2219238 0.2203420 0.2192122 0.2219429 0.2248100 0.2217831 0.2231981 0.2204966 0.2206364 0.2217831 0.2223427 0.2219238 0.2384801 0.2264186 0.2216327 0.2233694 0.2214913 0.2264101 0.2370264 0.0006826 0.0013680 0.2243769 0.2282991 0.0027457 0.2229449 0.2337431 0.0013680 0.2189616 0.2249551 0.2201972 0.2247768 0.2153062 0.0090778 0.2189202 0.2370102 0.2189202 0.1083282 0.2399951 0.2227636 0.2207701 0.2343831 0.0000000 0.0041281 0.2230918 0.0027486 0.0104967 0.2383429 0.2240645 0.2272439 0.2138952 0.2282991 0.0034391 0.0027439 0.2417039 0.2214913 
OQ966145.1_AVI_ 6.2757534 0.2249922 0.2262737 0.2264334 0.2264334 0.2248336 0.2236973 0.2264531 0.2264334 0.2262890 0.2277178 0.2249922 0.2251356 0.2262890 0.2268653 0.2264334 0.2431935 0.2280526 0.2232539 0.2249999 0.2231111 0.2280526 0.2417258 0.0034361 0.0041279 0.2260082 0.2299437 0.0055236 0.2245784 0.2384034 0.0041281 0.2205732 0.2265831 0.2218127 0.2264032 0.2197602 0.0119418 0.2205314 0.2417092 0.2205314 0.1133874 0.2447230 0.2243801 0.2223919 0.2390617 0.0041281 0.0000000 0.2247190 0.0041378 0.0133754 0.2430524 0.2256950 0.2288874 0.2183350 0.2299437 0.0062269 0.0041306 0.2464511 0.2231111 
OQ966713.1_AVI_ 5.9486090 0.0712371 0.0721028 0.0721363 0.0721363 0.0730082 0.0721028 0.0721401 0.0721363 0.0721071 0.0730043 0.0721028 0.0721320 0.0729746 0.0730914 0.0721363 0.0817531 0.0358729 0.0020551 0.0034365 0.0020545 0.0410966 0.0808354 0.2217935 0.2230766 0.0034340 0.0366998 0.2262719 0.0034476 0.0789076 0.2230918 0.0020556 0.0350858 0.0013681 0.0350703 0.0730810 0.2160149 0.0020545 0.0808306 0.0020545 0.1856634 0.0827019 0.0368342 0.0020570 0.0808354 0.2230918 0.2247190 0.0000000 0.2255189 0.2145304 0.0817302 0.0041310 0.0375246 0.0721783 0.0366998 0.2228878 0.2246799 0.0836928 0.0020545 
OQ961625.1_AVI_ 6.3622169 0.2228837 0.2241656 0.2243241 0.2243241 0.2227264 0.2215886 0.2243436 0.2272374 0.2241809 0.2256090 0.2228837 0.2230260 0.2241809 0.2247516 0.2243241 0.2371464 0.2288673 0.2240459 0.2258025 0.2239020 0.2275536 0.2356957 0.0020590 0.0027484 0.2268147 0.2307703 0.0041374 0.2253810 0.2324212 0.0027486 0.2213514 0.2273899 0.2225970 0.2272085 0.2176505 0.0105235 0.2213093 0.2356795 0.2213093 0.1116035 0.2386583 0.2251736 0.2231813 0.2330565 0.0027486 0.0041378 0.2255189 0.0000000 0.0119523 0.2370102 0.2227646 0.2297099 0.2162264 0.2307703 0.0048369 0.0027502 0.2403629 0.2239020 
PP802179.1_AVI_ 6.2751791 0.2133098 0.2145592 0.2147079 0.2147079 0.2131623 0.2120481 0.2147259 0.2175347 0.2145736 0.2159601 0.2133098 0.2134431 0.2145736 0.2151045 0.2147079 0.2295498 0.2178146 0.2131053 0.2147901 0.2129714 0.2177621 0.2281287 0.0097856 0.0104961 0.2157910 0.2196366 0.0119391 0.2143510 0.2249325 0.0104967 0.2104894 0.2163849 0.2117025 0.2162160 0.2082102 0.0027458 0.2104500 0.2281132 0.2104500 0.1075864 0.2310309 0.2142584 0.2122415 0.2255358 0.0104967 0.0133754 0.2145304 0.0119523 0.0000000 0.2294204 0.2176446 0.2185889 0.2068284 0.2196366 0.0097946 0.0119310 0.2326959 0.2129714 
OQ957673.1_AVI_ 5.8595543 0.0545643 0.0553851 0.0537196 0.0554090 0.0562347 0.0553851 0.0554118 0.0554090 0.0553883 0.0545382 0.0553851 0.0545382 0.0562108 0.0562952 0.0554090 0.0055228 0.0861812 0.0807919 0.0817966 0.0807578 0.0941276 0.0006827 0.2370102 0.2383266 0.0808306 0.0853375 0.2416492 0.0829787 0.0020565 0.2370102 0.0780997 0.0852312 0.0798612 0.0851848 0.0562869 0.2322681 0.0789713 0.0020544 0.0789713 0.1846931 0.0062273 0.0845234 0.0808913 0.0020545 0.2383429 0.2430524 0.0817302 0.2370102 0.2294204 0.0000000 0.0816110 0.0882900 0.0554391 0.0853375 0.2351514 0.2399900 0.0055295 0.0807578 
OQ965801.1_AVI_ 5.9991902 0.0730997 0.0739709 0.0740055 0.0740055 0.0748831 0.0739709 0.0740095 0.0740055 0.0739752 0.0748790 0.0739709 0.0740011 0.0748483 0.0749690 0.0740055 0.0816339 0.0390706 0.0034374 0.0048283 0.0034364 0.0419564 0.0807179 0.2227646 0.2240492 0.0048248 0.0399118 0.2272513 0.0048440 0.0787939 0.2240645 0.0034384 0.0382730 0.0027460 0.0382559 0.0749584 0.2191414 0.0034364 0.0807131 0.0034364 0.1865803 0.0825807 0.0400583 0.0034406 0.0807179 0.2240645 0.2256950 0.0041310 0.2227646 0.2176446 0.0816110 0.0000000 0.0407506 0.0740490 0.0399118 0.2238608 0.2256557 0.0835696 0.0034364 
OQ965073.1_AVI_ 6.0540125 0.0801991 0.0810861 0.0811250 0.0811250 0.0820188 0.0810861 0.0811294 0.0811250 0.0810909 0.0820143 0.0810861 0.0793424 0.0819797 0.0812242 0.0811250 0.0864898 0.0041348 0.0383191 0.0399326 0.0383059 0.0492069 0.0873789 0.2259368 0.2272283 0.0399012 0.0048356 0.2278429 0.0400638 0.0854037 0.2272439 0.0367705 0.0020584 0.0375246 0.0034393 0.0821035 0.2213735 0.0383059 0.0873737 0.0367471 0.1902834 0.0865444 0.0048532 0.0375794 0.0873789 0.2272439 0.2288874 0.0375246 0.2297099 0.2185889 0.0882900 0.0407506 0.0000000 0.0811739 0.0048356 0.2257487 0.2288472 0.0903027 0.0383059 
PP802115.1_AVI_ 6.0613496 0.0076194 0.0083213 0.0083241 0.0083241 0.0090282 0.0083213 0.0083245 0.0097401 0.0083217 0.0090278 0.0083213 0.0097330 0.0090252 0.0090364 0.0083241 0.0571037 0.0791424 0.0712747 0.0704978 0.0712459 0.0848737 0.0546173 0.2126220 0.2138806 0.0730470 0.0783151 0.2169892 0.0733544 0.0528916 0.2113654 0.0686700 0.0782201 0.0703777 0.0781788 0.0006821 0.2095368 0.0712459 0.0546142 0.0695156 0.1813823 0.0563076 0.0804616 0.0713593 0.0529753 0.2138952 0.2183350 0.0721783 0.2162264 0.2068284 0.0554391 0.0740490 0.0811739 0.0000000 0.0783151 0.2108633 0.2154422 0.0571896 0.0712459 
OQ960017.1_AVI_ 5.9407516 0.0773527 0.0782314 0.0782685 0.0782685 0.0791538 0.0782314 0.0782727 0.0782685 0.0782360 0.0791494 0.0782314 0.0765029 0.0791165 0.0783632 0.0782685 0.0835535 0.0034381 0.0374910 0.0390976 0.0374782 0.0499971 0.0844352 0.2269924 0.2282836 0.0390669 0.0013683 0.2289009 0.0392259 0.0824843 0.2282991 0.0359479 0.0027464 0.0366998 0.0027454 0.0792344 0.2224216 0.0374782 0.0844301 0.0359251 0.1886206 0.0836058 0.0041507 0.0367531 0.0844352 0.2282991 0.2299437 0.0366998 0.2307703 0.2196366 0.0853375 0.0399118 0.0048356 0.0783151 0.0000000 0.2268050 0.2299033 0.0873246 0.0374782 
OQ963753.1_AVI_ 6.3243202 0.2174326 0.2186983 0.2188515 0.2188515 0.2172806 0.2161541 0.2188702 0.2217209 0.2187131 0.2201202 0.2174326 0.2175700 0.2187131 0.2192620 0.2188515 0.2352862 0.2249307 0.2214285 0.2231652 0.2212871 0.2262065 0.2338405 0.0027481 0.0034389 0.2241732 0.2268050 0.0048318 0.2227400 0.2305803 0.0034391 0.2187568 0.2234700 0.2199927 0.2232930 0.2122658 0.0083775 0.2187154 0.2338245 0.2187154 0.1114680 0.2329602 0.2212853 0.2205652 0.2312086 0.0034391 0.0062269 0.2228878 0.0048369 0.0097946 0.2351514 0.2238608 0.2257487 0.2108633 0.2268050 0.0000000 0.0048286 0.2384905 0.2212871 
OQ963169.1_AVI_ 6.3356807 0.2220647 0.2233400 0.2234972 0.2234972 0.2219087 0.2207764 0.2235165 0.2263942 0.2233551 0.2247754 0.2220647 0.2222058 0.2233551 0.2239207 0.2234972 0.2401286 0.2280128 0.2232152 0.2249607 0.2230725 0.2250834 0.2386696 0.0020555 0.0027437 0.2259688 0.2299033 0.0041303 0.2245391 0.2353719 0.0027439 0.2205351 0.2265437 0.2217743 0.2263638 0.2168585 0.0105049 0.2204934 0.2386533 0.2204934 0.1092772 0.2416490 0.2243413 0.2223533 0.2360185 0.0027439 0.0041306 0.2246799 0.0027502 0.0119310 0.2399900 0.2256557 0.2288472 0.2154422 0.2299033 0.0048286 0.0000000 0.2433650 0.2230725 
PP802643.1_AVI_ 5.9150229 0.0563074 0.0571335 0.0554564 0.0571583 0.0579895 0.0571335 0.0571612 0.0571583 0.0571368 0.0562802 0.0571335 0.0562802 0.0579646 0.0580523 0.0571583 0.0069284 0.0881725 0.0808696 0.0837612 0.0827118 0.0971545 0.0048330 0.2403629 0.2416874 0.0827870 0.0854209 0.2450403 0.0849569 0.0034398 0.2403629 0.0800360 0.0872150 0.0818091 0.0871671 0.0580437 0.2355641 0.0809132 0.0048328 0.0809132 0.1888905 0.0076386 0.0865072 0.0828496 0.0048330 0.2417039 0.2464511 0.0836928 0.2403629 0.2326959 0.0055295 0.0835696 0.0903027 0.0571896 0.0873246 0.2384905 0.2433650 0.0000000 0.0827118 
OQ965745.1_AVI_ 5.9286986 0.0703088 0.0711717 0.0712046 0.0712046 0.0720736 0.0711717 0.0712084 0.0712046 0.0711759 0.0720698 0.0711717 0.0712004 0.0720406 0.0721555 0.0712046 0.0807803 0.0366483 0.0013677 0.0027444 0.0013673 0.0402708 0.0798660 0.2201972 0.2214762 0.0027424 0.0374782 0.2246568 0.0027533 0.0779463 0.2214913 0.0013681 0.0358591 0.0006823 0.0358433 0.0721452 0.2144499 0.0013673 0.0798612 0.0013673 0.1842067 0.0817253 0.0376155 0.0013690 0.0798660 0.2214913 0.2231111 0.0020545 0.2239020 0.2129714 0.0807578 0.0034364 0.0383059 0.0712459 0.0374782 0.2212871 0.2230725 0.0827118 0.0000000 
