69
NC_007362._     0.0000000 6.2590516 6.2590516 6.2801107 6.2659677 6.2320250 6.2568514 6.2659677 6.2590516 6.2358621 6.2320250 6.2801107 6.2809493 6.2870464 6.2590516 6.2590516 6.2441194 6.2809493 6.2809493 6.2320250 6.3302511 6.2320250 6.0372552 6.1908706 6.1762872 6.1275646 6.1749335 6.1958008 6.0823801 6.4878001 6.4878001 6.4878001 6.1741113 6.1938220 6.4820831 6.2091745 6.0539206 6.5105629 6.1474538 6.1977243 6.1533853 6.1493965 6.2448510 6.4625225 6.1327234 6.1235135 6.1533853 6.3586568 6.1354032 6.2753104 6.2024192 6.0823801 6.4878001 6.4961826 6.1977243 6.1533853 6.5869031 6.4964708 6.0611009 6.2062341 6.2627981 6.2719472 6.1442116 6.2448510 6.5472505 6.5591006 6.1533853 6.1188904 6.1327234 
PP753188.1_CAT_ 6.2590516 0.0000000 0.0000010 0.0006820 0.0006823 0.0006823 0.0013673 0.0006823 0.0006820 0.0006823 0.0020547 0.0006820 0.0006821 0.0013673 0.0006820 0.0006820 0.0020531 0.0013669 0.0013669 0.0006823 0.0013685 0.0006823 0.0563169 0.0783519 0.0704870 0.0697101 0.0704565 0.0841022 0.0538318 0.2206998 0.2206998 0.2219765 0.0722595 0.0775232 0.2251649 0.0725694 0.0521079 0.2194250 0.0678806 0.0774286 0.0695892 0.0756286 0.0069183 0.2174440 0.0704565 0.0538298 0.0687277 0.1836683 0.0555234 0.0796731 0.0705711 0.0521929 0.2219911 0.2265547 0.0774286 0.0713915 0.2244263 0.2146901 0.0546536 0.0732617 0.0803846 0.0076217 0.0775232 0.0069183 0.2188848 0.2235902 0.0695892 0.0564064 0.0704565 
PP755668.1_CAT_ 6.2590516 0.0000010 0.0000000 0.0006820 0.0006823 0.0006823 0.0013673 0.0006823 0.0006820 0.0006823 0.0020547 0.0006820 0.0006821 0.0013673 0.0006820 0.0006820 0.0020531 0.0013669 0.0013669 0.0006823 0.0013685 0.0006823 0.0563169 0.0783519 0.0704870 0.0697101 0.0704565 0.0841022 0.0538318 0.2206998 0.2206998 0.2219765 0.0722595 0.0775232 0.2251649 0.0725694 0.0521079 0.2194250 0.0678806 0.0774286 0.0695892 0.0756286 0.0069183 0.2174440 0.0704565 0.0538298 0.0687277 0.1836683 0.0555234 0.0796731 0.0705711 0.0521929 0.2219911 0.2265547 0.0774286 0.0713915 0.2244263 0.2146901 0.0546536 0.0732617 0.0803846 0.0076217 0.0775232 0.0069183 0.2188848 0.2235902 0.0695892 0.0564064 0.0704565 
PP753740.1_CAT_ 6.2801107 0.0006820 0.0006820 0.0000000 0.0013673 0.0013673 0.0006823 0.0013673 0.0013668 0.0013673 0.0027426 0.0000010 0.0013669 0.0006822 0.0013668 0.0013668 0.0027406 0.0020525 0.0020525 0.0013673 0.0006829 0.0013673 0.0571433 0.0792341 0.0713527 0.0705752 0.0713217 0.0850097 0.0546536 0.2219765 0.2219765 0.2232550 0.0731294 0.0784042 0.2264518 0.0734431 0.0529245 0.2206998 0.0687404 0.0783084 0.0704525 0.0765040 0.0076186 0.2187053 0.0713217 0.0546505 0.0695892 0.1824554 0.0563485 0.0805623 0.0714380 0.0530100 0.2232697 0.2278435 0.0783084 0.0722595 0.2257156 0.2159463 0.0554760 0.0741354 0.0812741 0.0083238 0.0784042 0.0076186 0.2201577 0.2248727 0.0704525 0.0572343 0.0713217 
PP752820.1_CAT_ 6.2659677 0.0006823 0.0006823 0.0013673 0.0000000 0.0013677 0.0020539 0.0000010 0.0013673 0.0013678 0.0013677 0.0013673 0.0013673 0.0006820 0.0013673 0.0013673 0.0013667 0.0020533 0.0020533 0.0013677 0.0020558 0.0013677 0.0554642 0.0792742 0.0713878 0.0706099 0.0713568 0.0850543 0.0529863 0.2221429 0.2221429 0.2234225 0.0731657 0.0784438 0.2266224 0.0734797 0.0512685 0.2208651 0.0687739 0.0783479 0.0704870 0.0765423 0.0076214 0.2188676 0.0713568 0.0529833 0.0696232 0.1823233 0.0546724 0.0806035 0.0714733 0.0513519 0.2234372 0.2280153 0.0783479 0.0722952 0.2258861 0.2161061 0.0538058 0.0741723 0.0813157 0.0083268 0.0784438 0.0076214 0.2203224 0.2250417 0.0704870 0.0555520 0.0713568 
PP755964.1_CAT_ 6.2320250 0.0006823 0.0006823 0.0013673 0.0013677 0.0000000 0.0020539 0.0013677 0.0013673 0.0013678 0.0027435 0.0013673 0.0013673 0.0020539 0.0013673 0.0013673 0.0027415 0.0020533 0.0020533 0.0000010 0.0020558 0.0013677 0.0571697 0.0792742 0.0713878 0.0706099 0.0713568 0.0850543 0.0546786 0.2221429 0.2221429 0.2234225 0.0731657 0.0784438 0.2266224 0.0734797 0.0529485 0.2208651 0.0687739 0.0783479 0.0704870 0.0765423 0.0076214 0.2188676 0.0713568 0.0546755 0.0696232 0.1850038 0.0563745 0.0806035 0.0714733 0.0530341 0.2234372 0.2280153 0.0783479 0.0722952 0.2258861 0.2161061 0.0555015 0.0741723 0.0813157 0.0083268 0.0784438 0.0076214 0.2203224 0.2250417 0.0704870 0.0572608 0.0713568 
PP755684.1_CAT_ 6.2568514 0.0013673 0.0013673 0.0006823 0.0020539 0.0020539 0.0000000 0.0020539 0.0020532 0.0020540 0.0034334 0.0006823 0.0020533 0.0013677 0.0020532 0.0020532 0.0034308 0.0027408 0.0027408 0.0020539 0.0013690 0.0020539 0.0580011 0.0801630 0.0722595 0.0714810 0.0722280 0.0859689 0.0555042 0.2205347 0.2205347 0.2218103 0.0740417 0.0793314 0.2249956 0.0743597 0.0537689 0.2192610 0.0696396 0.0792341 0.0713563 0.0774242 0.0083238 0.2172830 0.0722280 0.0555010 0.0704906 0.1811274 0.0572046 0.0814995 0.0723462 0.0538560 0.2218250 0.2263842 0.0792341 0.0731694 0.2242572 0.2145315 0.0563289 0.0750522 0.0822119 0.0090312 0.0793314 0.0083238 0.2187214 0.2234225 0.0713563 0.0580937 0.0722280 
PP753460.1_CAT_ 6.2659677 0.0006823 0.0006823 0.0013673 0.0000010 0.0013677 0.0020539 0.0000000 0.0013673 0.0013678 0.0013677 0.0013673 0.0013673 0.0006820 0.0013673 0.0013673 0.0013667 0.0020533 0.0020533 0.0013677 0.0020558 0.0013677 0.0554642 0.0792742 0.0713878 0.0706099 0.0713568 0.0850543 0.0529863 0.2221429 0.2221429 0.2234225 0.0731657 0.0784438 0.2266224 0.0734797 0.0512685 0.2208651 0.0687739 0.0783479 0.0704870 0.0765423 0.0076214 0.2188676 0.0713568 0.0529833 0.0696232 0.1823233 0.0546724 0.0806035 0.0714733 0.0513519 0.2234372 0.2280153 0.0783479 0.0722952 0.2258861 0.2161061 0.0538058 0.0741723 0.0813157 0.0083268 0.0784438 0.0076214 0.2203224 0.2250417 0.0704870 0.0555520 0.0713568 
PP753116.1_CAT_ 6.2590516 0.0006820 0.0006820 0.0013668 0.0013673 0.0013673 0.0020532 0.0013673 0.0000000 0.0013673 0.0027426 0.0013668 0.0013669 0.0020531 0.0013668 0.0013668 0.0027406 0.0020525 0.0020525 0.0013673 0.0020551 0.0013673 0.0571433 0.0792341 0.0713527 0.0705752 0.0713217 0.0850097 0.0546536 0.2194105 0.2194105 0.2206852 0.0731294 0.0784042 0.2238651 0.0734431 0.0529245 0.2181376 0.0687404 0.0783084 0.0704525 0.0765040 0.0076186 0.2161703 0.0713217 0.0546505 0.0695892 0.1848711 0.0563485 0.0805623 0.0714380 0.0530100 0.2206998 0.2252528 0.0783084 0.0722595 0.2231240 0.2134217 0.0554760 0.0741354 0.0812741 0.0083238 0.0784042 0.0076186 0.2175994 0.2222948 0.0704525 0.0572343 0.0713217 
PP753132.1_CAT_ 6.2358621 0.0006823 0.0006823 0.0013673 0.0013678 0.0013678 0.0020540 0.0013678 0.0013673 0.0000000 0.0027437 0.0013673 0.0013674 0.0020539 0.0013673 0.0013673 0.0027416 0.0020533 0.0020533 0.0013678 0.0020559 0.0013678 0.0571724 0.0792784 0.0713915 0.0706135 0.0713604 0.0850589 0.0546812 0.2221613 0.2221613 0.2234411 0.0731694 0.0784479 0.2266415 0.0734835 0.0529510 0.2208835 0.0687774 0.0783519 0.0704906 0.0765463 0.0076217 0.2188855 0.0713604 0.0546781 0.0696267 0.1850179 0.0563772 0.0806078 0.0714769 0.0530366 0.2234559 0.2280345 0.0783519 0.0722990 0.2259051 0.2161238 0.0555042 0.0741761 0.0813200 0.0083272 0.0784479 0.0076217 0.2203407 0.2250606 0.0704906 0.0572636 0.0713604 
PP753620.1_CAT_ 6.2320250 0.0020547 0.0020547 0.0027426 0.0013677 0.0027435 0.0034334 0.0013677 0.0027426 0.0027437 0.0000000 0.0027426 0.0027427 0.0020539 0.0027426 0.0027426 0.0027415 0.0034322 0.0034322 0.0027435 0.0034365 0.0027435 0.0571697 0.0792742 0.0713878 0.0706099 0.0713568 0.0850543 0.0546786 0.2250606 0.2250606 0.2263462 0.0731657 0.0784438 0.2295696 0.0734797 0.0529485 0.2237768 0.0687739 0.0783479 0.0704870 0.0765423 0.0090341 0.2217457 0.0713568 0.0546755 0.0696232 0.1850038 0.0563745 0.0806035 0.0714733 0.0530341 0.2263612 0.2280153 0.0783479 0.0722952 0.2288379 0.2189688 0.0555015 0.0741723 0.0813157 0.0097438 0.0784438 0.0090341 0.2232291 0.2279768 0.0704870 0.0572608 0.0713568 
PP753652.1_CAT_ 6.2801107 0.0006820 0.0006820 0.0000010 0.0013673 0.0013673 0.0006823 0.0013673 0.0013668 0.0013673 0.0027426 0.0000000 0.0013669 0.0006822 0.0013668 0.0013668 0.0027406 0.0020525 0.0020525 0.0013673 0.0006829 0.0013673 0.0571433 0.0792341 0.0713527 0.0705752 0.0713217 0.0850097 0.0546536 0.2219765 0.2219765 0.2232550 0.0731294 0.0784042 0.2264518 0.0734431 0.0529245 0.2206998 0.0687404 0.0783084 0.0704525 0.0765040 0.0076186 0.2187053 0.0713217 0.0546505 0.0695892 0.1824554 0.0563485 0.0805623 0.0714380 0.0530100 0.2232697 0.2278435 0.0783084 0.0722595 0.2257156 0.2159463 0.0554760 0.0741354 0.0812741 0.0083238 0.0784042 0.0076186 0.2201577 0.2248727 0.0704525 0.0572343 0.0713217 
PP752788.1_CAT_ 6.2809493 0.0006821 0.0006821 0.0013669 0.0013673 0.0013673 0.0020533 0.0013673 0.0013669 0.0013674 0.0027427 0.0013669 0.0000000 0.0020533 0.0013669 0.0013669 0.0027407 0.0020526 0.0020526 0.0013673 0.0020552 0.0013673 0.0571465 0.0792387 0.0713568 0.0705793 0.0713258 0.0850147 0.0546566 0.2219911 0.2219911 0.2232697 0.0731336 0.0784088 0.2264668 0.0734474 0.0529275 0.2207144 0.0687443 0.0783129 0.0704565 0.0765084 0.0076190 0.2187196 0.0713258 0.0546536 0.0695932 0.1848833 0.0563517 0.0805670 0.0714422 0.0530129 0.2232845 0.2278586 0.0783129 0.0722637 0.2257306 0.2159605 0.0554792 0.0741396 0.0812789 0.0083243 0.0784088 0.0076190 0.2201723 0.2248876 0.0704565 0.0572375 0.0713258 
PP755972.1_CAT_ 6.2870464 0.0013673 0.0013673 0.0006822 0.0006820 0.0020539 0.0013677 0.0006820 0.0020531 0.0020539 0.0020539 0.0006822 0.0020533 0.0000000 0.0020531 0.0020531 0.0020524 0.0027407 0.0027407 0.0020539 0.0013689 0.0020539 0.0562883 0.0801587 0.0722558 0.0714774 0.0722243 0.0859642 0.0538058 0.2234225 0.2234225 0.2247039 0.0740379 0.0793272 0.2279122 0.0743559 0.0520829 0.2221429 0.0696360 0.0792300 0.0713527 0.0774201 0.0083235 0.2201318 0.0722243 0.0538027 0.0704870 0.1811137 0.0554953 0.0814952 0.0723425 0.0521667 0.2247188 0.2293070 0.0792300 0.0731657 0.2271784 0.2173652 0.0546260 0.0750483 0.0822076 0.0090308 0.0793272 0.0083235 0.2215983 0.2263272 0.0713527 0.0563777 0.0722243 
PP799578.1_CAT_ 6.2590516 0.0006820 0.0006820 0.0013668 0.0013673 0.0013673 0.0020532 0.0013673 0.0013668 0.0013673 0.0027426 0.0013668 0.0013669 0.0020531 0.0000000 0.0000010 0.0027406 0.0006820 0.0006820 0.0013673 0.0020551 0.0013673 0.0571433 0.0792341 0.0713527 0.0705752 0.0713217 0.0850097 0.0546536 0.2206998 0.2206998 0.2219765 0.0731294 0.0784042 0.2251649 0.0734431 0.0529245 0.2194250 0.0687404 0.0783084 0.0704525 0.0765040 0.0076186 0.2174440 0.0713217 0.0546505 0.0695892 0.1836683 0.0563485 0.0805623 0.0714380 0.0530100 0.2219911 0.2265547 0.0783084 0.0722595 0.2244263 0.2146901 0.0554760 0.0741354 0.0812741 0.0083238 0.0784042 0.0076186 0.2188848 0.2235902 0.0704525 0.0572343 0.0713217 
PP799294.1_CAT_ 6.2590516 0.0006820 0.0006820 0.0013668 0.0013673 0.0013673 0.0020532 0.0013673 0.0013668 0.0013673 0.0027426 0.0013668 0.0013669 0.0020531 0.0000010 0.0000000 0.0027406 0.0006820 0.0006820 0.0013673 0.0020551 0.0013673 0.0571433 0.0792341 0.0713527 0.0705752 0.0713217 0.0850097 0.0546536 0.2206998 0.2206998 0.2219765 0.0731294 0.0784042 0.2251649 0.0734431 0.0529245 0.2194250 0.0687404 0.0783084 0.0704525 0.0765040 0.0076186 0.2174440 0.0713217 0.0546505 0.0695892 0.1836683 0.0563485 0.0805623 0.0714380 0.0530100 0.2219911 0.2265547 0.0783084 0.0722595 0.2244263 0.2146901 0.0554760 0.0741354 0.0812741 0.0083238 0.0784042 0.0076186 0.2188848 0.2235902 0.0704525 0.0572343 0.0713217 
PP753724.1_CAT_ 6.2441194 0.0020531 0.0020531 0.0027406 0.0013667 0.0027415 0.0034308 0.0013667 0.0027406 0.0027416 0.0027415 0.0027406 0.0027407 0.0020524 0.0027406 0.0027406 0.0000000 0.0034297 0.0034297 0.0027415 0.0034339 0.0027415 0.0562883 0.0775016 0.0713837 0.0723467 0.0713527 0.0850492 0.0538058 0.2208505 0.2208505 0.2221282 0.0731614 0.0766736 0.2253195 0.0734755 0.0520829 0.2221429 0.0687699 0.0765802 0.0704830 0.0747835 0.0090272 0.2175909 0.0713527 0.0538027 0.0696192 0.1799063 0.0554953 0.0788165 0.0714691 0.0521667 0.2221429 0.2267104 0.0765802 0.0722911 0.2245808 0.2148347 0.0546260 0.0741680 0.0795282 0.0097363 0.0766736 0.0090272 0.2190340 0.2237433 0.0704830 0.0563777 0.0713527 
PP799270.1_CAT_ 6.2809493 0.0013669 0.0013669 0.0020525 0.0020533 0.0020533 0.0027408 0.0020533 0.0020525 0.0020533 0.0034322 0.0020525 0.0020526 0.0027407 0.0006820 0.0006820 0.0034297 0.0000000 0.0000010 0.0020533 0.0027433 0.0020533 0.0579746 0.0801227 0.0722243 0.0714463 0.0721928 0.0850097 0.0554792 0.2219911 0.2219911 0.2232697 0.0740054 0.0792917 0.2264668 0.0743230 0.0537449 0.2207144 0.0696060 0.0791945 0.0713217 0.0773857 0.0083209 0.2187196 0.0721928 0.0554760 0.0704565 0.1824674 0.0571786 0.0805623 0.0723109 0.0538318 0.2232845 0.2278586 0.0791945 0.0731336 0.2257306 0.2159605 0.0563034 0.0750151 0.0821702 0.0090280 0.0792917 0.0083209 0.2201723 0.2248876 0.0713217 0.0580672 0.0721928 
PP799570.1_CAT_ 6.2809493 0.0013669 0.0013669 0.0020525 0.0020533 0.0020533 0.0027408 0.0020533 0.0020525 0.0020533 0.0034322 0.0020525 0.0020526 0.0027407 0.0006820 0.0006820 0.0034297 0.0000010 0.0000000 0.0020533 0.0027433 0.0020533 0.0579746 0.0801227 0.0722243 0.0714463 0.0721928 0.0850097 0.0554792 0.2219911 0.2219911 0.2232697 0.0740054 0.0792917 0.2264668 0.0743230 0.0537449 0.2207144 0.0696060 0.0791945 0.0713217 0.0773857 0.0083209 0.2187196 0.0721928 0.0554760 0.0704565 0.1824674 0.0571786 0.0805623 0.0723109 0.0538318 0.2232845 0.2278586 0.0791945 0.0731336 0.2257306 0.2159605 0.0563034 0.0750151 0.0821702 0.0090280 0.0792917 0.0083209 0.2201723 0.2248876 0.0713217 0.0580672 0.0721928 
PP753612.1_CAT_ 6.2320250 0.0006823 0.0006823 0.0013673 0.0013677 0.0000010 0.0020539 0.0013677 0.0013673 0.0013678 0.0027435 0.0013673 0.0013673 0.0020539 0.0013673 0.0013673 0.0027415 0.0020533 0.0020533 0.0000000 0.0020558 0.0013677 0.0571697 0.0792742 0.0713878 0.0706099 0.0713568 0.0850543 0.0546786 0.2221429 0.2221429 0.2234225 0.0731657 0.0784438 0.2266224 0.0734797 0.0529485 0.2208651 0.0687739 0.0783479 0.0704870 0.0765423 0.0076214 0.2188676 0.0713568 0.0546755 0.0696232 0.1850038 0.0563745 0.0806035 0.0714733 0.0530341 0.2234372 0.2280153 0.0783479 0.0722952 0.2258861 0.2161061 0.0555015 0.0741723 0.0813157 0.0083268 0.0784438 0.0076214 0.2203224 0.2250417 0.0704870 0.0572608 0.0713568 
PP753644.1_CAT_ 6.3302511 0.0013685 0.0013685 0.0006829 0.0020558 0.0020558 0.0013690 0.0020558 0.0020551 0.0020559 0.0034365 0.0006829 0.0020552 0.0013689 0.0020551 0.0020551 0.0034339 0.0027433 0.0027433 0.0020558 0.0000000 0.0020558 0.0580644 0.0793711 0.0723425 0.0715631 0.0723109 0.0860730 0.0555644 0.2225673 0.2225673 0.2238502 0.0741272 0.0785396 0.2270600 0.0744460 0.0538268 0.2212861 0.0697189 0.0784434 0.0714380 0.0766351 0.0083315 0.2192799 0.0723109 0.0555612 0.0705711 0.1829058 0.0572670 0.0807029 0.0704672 0.0539142 0.2238651 0.2284565 0.0784434 0.0732537 0.2263229 0.2165109 0.0563901 0.0751393 0.0814160 0.0090395 0.0785396 0.0083315 0.2207417 0.2254744 0.0714380 0.0581573 0.0723109 
PP753516.1_CAT_ 6.2320250 0.0006823 0.0006823 0.0013673 0.0013677 0.0013677 0.0020539 0.0013677 0.0013673 0.0013678 0.0027435 0.0013673 0.0013673 0.0020539 0.0013673 0.0013673 0.0027415 0.0020533 0.0020533 0.0013677 0.0020558 0.0000000 0.0571697 0.0792742 0.0713878 0.0706099 0.0713568 0.0850543 0.0546786 0.2221429 0.2221429 0.2234225 0.0731657 0.0784438 0.2266224 0.0734797 0.0529485 0.2208651 0.0687739 0.0783479 0.0704870 0.0765423 0.0076214 0.2188676 0.0713568 0.0546755 0.0696232 0.1850038 0.0563745 0.0806035 0.0714733 0.0530341 0.2234372 0.2280153 0.0783479 0.0722952 0.2258861 0.2161061 0.0555015 0.0741723 0.0813157 0.0083268 0.0784438 0.0076214 0.2203224 0.2250417 0.0704870 0.0572608 0.0713568 
PP801926.1_AVI_ 6.0372552 0.0563169 0.0563169 0.0571433 0.0554642 0.0571697 0.0580011 0.0554642 0.0571433 0.0571724 0.0571697 0.0571433 0.0571465 0.0562883 0.0571433 0.0571433 0.0562883 0.0579746 0.0579746 0.0571697 0.0580644 0.0571697 0.0000000 0.0846158 0.0810202 0.0820291 0.0809833 0.0935213 0.0048280 0.2388695 0.2388695 0.2401945 0.0791859 0.0837699 0.2435583 0.0832246 0.0034361 0.2388695 0.0783135 0.0836650 0.0800836 0.0836171 0.0580554 0.2340138 0.0791906 0.0048278 0.0791906 0.1884751 0.0062297 0.0829545 0.0811208 0.0048280 0.2402105 0.2449980 0.0836650 0.0819642 0.2388695 0.2311462 0.0055239 0.0818415 0.0867238 0.0571993 0.0837699 0.0580554 0.2369711 0.2418928 0.0800836 0.0069303 0.0809833 
OQ967561.1_AVI_ 6.1908706 0.0783519 0.0783519 0.0792341 0.0792742 0.0792742 0.0801630 0.0792742 0.0792341 0.0792784 0.0792742 0.0792341 0.0792387 0.0801587 0.0792341 0.0792341 0.0775016 0.0801227 0.0801227 0.0792742 0.0793711 0.0792742 0.0846158 0.0000000 0.0366975 0.0382993 0.0366841 0.0491854 0.0854989 0.2266701 0.2266701 0.2279623 0.0382701 0.0034387 0.2285925 0.0384287 0.0835346 0.2279775 0.0351572 0.0020552 0.0359077 0.0020544 0.0802452 0.2220355 0.0366841 0.0854939 0.0351350 0.1881234 0.0846723 0.0034515 0.0359609 0.0854989 0.2279775 0.2296424 0.0020552 0.0359077 0.2304762 0.2192487 0.0864052 0.0391127 0.0041357 0.0793193 0.0034387 0.0802452 0.2264770 0.2296035 0.0359077 0.0884139 0.0366841 
OQ965457.1_AVI_ 6.1762872 0.0704870 0.0704870 0.0713527 0.0713878 0.0713878 0.0722595 0.0713878 0.0713527 0.0713915 0.0713878 0.0713527 0.0713568 0.0722558 0.0713527 0.0713527 0.0713837 0.0722243 0.0722243 0.0713878 0.0723425 0.0713878 0.0810202 0.0366975 0.0000000 0.0027455 0.0013678 0.0403438 0.0801006 0.2218704 0.2218704 0.2231579 0.0027435 0.0359446 0.2263771 0.0027547 0.0781710 0.2231728 0.0013686 0.0359061 0.0006825 0.0358895 0.0723316 0.2160109 0.0013678 0.0800959 0.0013678 0.1854681 0.0819719 0.0376698 0.0013695 0.0801006 0.2231728 0.2248248 0.0359061 0.0020554 0.2256354 0.2145208 0.0809957 0.0034380 0.0383603 0.0714272 0.0375302 0.0723316 0.2229633 0.2247869 0.0006825 0.0810786 0.0013678 
OQ962777.1_AVI_ 6.1275646 0.0697101 0.0697101 0.0705752 0.0706099 0.0706099 0.0714810 0.0706099 0.0705752 0.0706135 0.0706099 0.0705752 0.0705793 0.0714774 0.0705752 0.0705752 0.0723467 0.0714463 0.0714463 0.0706099 0.0715631 0.0706099 0.0820291 0.0382993 0.0027455 0.0000000 0.0027447 0.0419874 0.0811057 0.2236176 0.2236176 0.2249106 0.0041290 0.0391392 0.2281487 0.0041458 0.0791670 0.2223265 0.0027462 0.0375026 0.0020561 0.0374851 0.0715522 0.2177184 0.0027447 0.0811009 0.0027447 0.1870362 0.0829851 0.0392850 0.0027481 0.0811057 0.2249256 0.2265873 0.0375026 0.0034370 0.2274088 0.2162207 0.0820041 0.0048292 0.0399763 0.0706488 0.0391392 0.0715522 0.2247161 0.2265489 0.0020561 0.0839852 0.0027447 
OQ959337.1_AVI_ 6.1749335 0.0704565 0.0704565 0.0713217 0.0713568 0.0713568 0.0722280 0.0713568 0.0713217 0.0713604 0.0713568 0.0713217 0.0713258 0.0722243 0.0713217 0.0713217 0.0713527 0.0721928 0.0721928 0.0713568 0.0723109 0.0713568 0.0809833 0.0366841 0.0013678 0.0027447 0.0000000 0.0403286 0.0800643 0.2217179 0.2217179 0.2230044 0.0027427 0.0375164 0.2262206 0.0027539 0.0781358 0.2230193 0.0013682 0.0358930 0.0006823 0.0358764 0.0723000 0.2158643 0.0013674 0.0800596 0.0013674 0.1853468 0.0819344 0.0376559 0.0013691 0.0800643 0.2230193 0.2246698 0.0358930 0.0020548 0.2254791 0.2143755 0.0809588 0.0034370 0.0383461 0.0713962 0.0375164 0.0723000 0.2228098 0.2246319 0.0006823 0.0829290 0.0013674 
PP755556.1_AVI_ 6.1958008 0.0841022 0.0841022 0.0850097 0.0850543 0.0850543 0.0859689 0.0850543 0.0850097 0.0850589 0.0850543 0.0850097 0.0850147 0.0859642 0.0850097 0.0850097 0.0850492 0.0850097 0.0850097 0.0850543 0.0860730 0.0850543 0.0935213 0.0491854 0.0403438 0.0419874 0.0403286 0.0000000 0.0934899 0.2266669 0.2266669 0.2279660 0.0419547 0.0500783 0.2312283 0.0421309 0.0923782 0.2279812 0.0387674 0.0466877 0.0395341 0.0483255 0.0860604 0.2220080 0.0403286 0.0934843 0.0387435 0.1861804 0.0945250 0.0484874 0.0403877 0.0934899 0.2279812 0.2296551 0.0466877 0.0411580 0.2291678 0.2192068 0.0944279 0.0420209 0.0492851 0.0851044 0.0500783 0.0860604 0.2277724 0.2266477 0.0395341 0.0974790 0.0403286 
OQ957665.1_AVI_ 6.0823801 0.0538318 0.0538318 0.0546536 0.0529863 0.0546786 0.0555042 0.0529863 0.0546536 0.0546812 0.0546786 0.0546536 0.0546566 0.0538058 0.0546536 0.0546536 0.0538058 0.0554792 0.0554792 0.0546786 0.0555644 0.0546786 0.0048280 0.0854989 0.0801006 0.0811057 0.0800643 0.0934899 0.0000000 0.2373990 0.2373990 0.2387211 0.0801413 0.0846523 0.2420733 0.0822954 0.0013697 0.2373990 0.0774013 0.0845460 0.0791670 0.0844975 0.0555556 0.2325664 0.0782762 0.0013682 0.0782762 0.1871409 0.0055307 0.0838365 0.0801998 0.0013683 0.2387371 0.2435102 0.0845460 0.0810417 0.2373990 0.2297063 0.0006828 0.0809207 0.0876136 0.0547057 0.0846523 0.0555556 0.2355059 0.2404139 0.0791670 0.0048342 0.0800643 
OQ966193.1_AVI_ 6.4878001 0.2206998 0.2206998 0.2219765 0.2221429 0.2221429 0.2205347 0.2221429 0.2194105 0.2221613 0.2250606 0.2219765 0.2219911 0.2234225 0.2206998 0.2206998 0.2208505 0.2219911 0.2219911 0.2221429 0.2225673 0.2221429 0.2388695 0.2266701 0.2218704 0.2236176 0.2217179 0.2266669 0.2373990 0.0000000 0.0000010 0.0006826 0.2246359 0.2285732 0.0020570 0.2232211 0.2340871 0.0006827 0.2191681 0.2251910 0.2204187 0.2250025 0.2154630 0.0083730 0.2191361 0.2373832 0.2191361 0.1096046 0.2404028 0.2229609 0.2210078 0.2347447 0.0006827 0.0034366 0.2251910 0.2233453 0.0020592 0.0097898 0.2387211 0.2243058 0.2275068 0.2140365 0.2285732 0.2154630 0.0027485 0.0020557 0.2204187 0.2421403 0.2217179 
OQ966209.1_AVI_ 6.4878001 0.2206998 0.2206998 0.2219765 0.2221429 0.2221429 0.2205347 0.2221429 0.2194105 0.2221613 0.2250606 0.2219765 0.2219911 0.2234225 0.2206998 0.2206998 0.2208505 0.2219911 0.2219911 0.2221429 0.2225673 0.2221429 0.2388695 0.2266701 0.2218704 0.2236176 0.2217179 0.2266669 0.2373990 0.0000010 0.0000000 0.0006826 0.2246359 0.2285732 0.0020570 0.2232211 0.2340871 0.0006827 0.2191681 0.2251910 0.2204187 0.2250025 0.2154630 0.0083730 0.2191361 0.2373832 0.2191361 0.1096046 0.2404028 0.2229609 0.2210078 0.2347447 0.0006827 0.0034366 0.2251910 0.2233453 0.0020592 0.0097898 0.2387211 0.2243058 0.2275068 0.2140365 0.2285732 0.2154630 0.0027485 0.0020557 0.2204187 0.2421403 0.2217179 
OQ959233.1_AVI_ 6.4878001 0.2219765 0.2219765 0.2232550 0.2234225 0.2234225 0.2218103 0.2234225 0.2206852 0.2234411 0.2263462 0.2232550 0.2232697 0.2247039 0.2219765 0.2219765 0.2221282 0.2232697 0.2232697 0.2234225 0.2238502 0.2234225 0.2401945 0.2279623 0.2231579 0.2249106 0.2230044 0.2279660 0.2387211 0.0006826 0.0006826 0.0000000 0.2259285 0.2298717 0.0027458 0.2245171 0.2354006 0.0013680 0.2204509 0.2264801 0.2217032 0.2262903 0.2167318 0.0090809 0.2204187 0.2387052 0.2204187 0.1105652 0.2417308 0.2242431 0.2222969 0.2360630 0.0013680 0.0041285 0.2264801 0.2246359 0.0027487 0.0105007 0.2400451 0.2255979 0.2288058 0.2153024 0.2298717 0.2167318 0.0034394 0.0027440 0.2217032 0.2434725 0.2230044 
OQ965401.1_AVI_ 6.1741113 0.0722595 0.0722595 0.0731294 0.0731657 0.0731657 0.0740417 0.0731657 0.0731294 0.0731694 0.0731657 0.0731294 0.0731336 0.0740379 0.0731294 0.0731294 0.0731614 0.0740054 0.0740054 0.0731657 0.0741272 0.0731657 0.0791859 0.0382701 0.0027435 0.0041290 0.0027427 0.0419547 0.0801413 0.2246359 0.2246359 0.2259285 0.0000000 0.0391092 0.2291683 0.0041428 0.0782103 0.2259435 0.0027443 0.0374740 0.0020547 0.0374565 0.0741161 0.2187300 0.0027427 0.0801366 0.0027427 0.1880447 0.0820138 0.0392548 0.0027461 0.0801413 0.2259435 0.2276060 0.0374740 0.0034346 0.2284315 0.2172318 0.0810369 0.0048258 0.0399456 0.0732064 0.0391092 0.0741161 0.2257346 0.2275674 0.0020547 0.0830097 0.0027427 
OQ960153.1_AVI_ 6.1938220 0.0775232 0.0775232 0.0784042 0.0784438 0.0784438 0.0793314 0.0784438 0.0784042 0.0784479 0.0784438 0.0784042 0.0784088 0.0793272 0.0784042 0.0784042 0.0766736 0.0792917 0.0792917 0.0784438 0.0785396 0.0784438 0.0837699 0.0034387 0.0359446 0.0391392 0.0375164 0.0500783 0.0846523 0.2285732 0.2285732 0.2298717 0.0391092 0.0000000 0.2305106 0.0392716 0.0826920 0.2298870 0.0359840 0.0027469 0.0367369 0.0027458 0.0794126 0.2238999 0.0375164 0.0846473 0.0359612 0.1925558 0.0838258 0.0041519 0.0367916 0.0846523 0.2298870 0.2315629 0.0027469 0.0367369 0.2324090 0.2210979 0.0855574 0.0399565 0.0048367 0.0784883 0.0013684 0.0794126 0.2283803 0.2315234 0.0367369 0.0856464 0.0375164 
OQ961721.1_AVI_ 6.4820831 0.2251649 0.2251649 0.2264518 0.2266224 0.2266224 0.2249956 0.2266224 0.2238651 0.2266415 0.2295696 0.2264518 0.2264668 0.2279122 0.2251649 0.2251649 0.2253195 0.2264668 0.2264668 0.2266224 0.2270600 0.2266224 0.2435583 0.2285925 0.2263771 0.2281487 0.2262206 0.2312283 0.2420733 0.0020570 0.0020570 0.0027458 0.2291683 0.2305106 0.0000000 0.2277616 0.2387211 0.0027459 0.2236505 0.2271045 0.2249106 0.2269136 0.2198857 0.0105165 0.2236176 0.2420571 0.2236176 0.1127216 0.2451068 0.2248578 0.2255173 0.2393976 0.0027459 0.0055247 0.2271045 0.2278672 0.0041380 0.0119448 0.2434059 0.2288359 0.2294417 0.2184447 0.2305106 0.2198857 0.0048327 0.0041309 0.2249106 0.2468645 0.2262206 
OQ961329.1_AVI_ 6.2091745 0.0725694 0.0725694 0.0734431 0.0734797 0.0734797 0.0743597 0.0734797 0.0734431 0.0734835 0.0734797 0.0734431 0.0734474 0.0743559 0.0734431 0.0734431 0.0734755 0.0743230 0.0743230 0.0734797 0.0744460 0.0734797 0.0832246 0.0384287 0.0027547 0.0041458 0.0027539 0.0421309 0.0822954 0.2232211 0.2232211 0.2245171 0.0041428 0.0392716 0.2277616 0.0000000 0.0803432 0.2245322 0.0027554 0.0376292 0.0020630 0.0376116 0.0744348 0.2173117 0.0027539 0.0822905 0.0027539 0.1890161 0.0841868 0.0394183 0.0027573 0.0822954 0.2245322 0.2261971 0.0376292 0.0034485 0.2270189 0.2158108 0.0831989 0.0048454 0.0401117 0.0735208 0.0392716 0.0744348 0.2243220 0.2261587 0.0020630 0.0851941 0.0027539 
OQ957681.1_AVI_ 6.0539206 0.0521079 0.0521079 0.0529245 0.0512685 0.0529485 0.0537689 0.0512685 0.0529245 0.0529510 0.0529485 0.0529245 0.0529275 0.0520829 0.0529245 0.0529245 0.0520829 0.0537449 0.0537449 0.0529485 0.0538268 0.0529485 0.0034361 0.0835346 0.0781710 0.0791670 0.0781358 0.0923782 0.0013697 0.2340871 0.2340871 0.2354006 0.0782103 0.0826920 0.2387211 0.0803432 0.0000000 0.2340871 0.0754898 0.0825890 0.0772443 0.0825420 0.0538183 0.2293136 0.0763593 0.0013696 0.0763593 0.1842032 0.0041330 0.0818793 0.0782670 0.0013697 0.2354163 0.2401494 0.0825890 0.0791048 0.2340871 0.2264747 0.0020568 0.0789878 0.0856285 0.0529745 0.0826920 0.0538183 0.2322087 0.2370783 0.0772443 0.0034405 0.0781358 
OQ962753.1_AVI_ 6.5105629 0.2194250 0.2194250 0.2206998 0.2208651 0.2208651 0.2192610 0.2208651 0.2181376 0.2208835 0.2237768 0.2206998 0.2207144 0.2221429 0.2194250 0.2194250 0.2221429 0.2207144 0.2207144 0.2208651 0.2212861 0.2208651 0.2388695 0.2279775 0.2231728 0.2223265 0.2230193 0.2279812 0.2373990 0.0006827 0.0006827 0.0013680 0.2259435 0.2298870 0.0027459 0.2245322 0.2340871 0.0000000 0.2204656 0.2264951 0.2217179 0.2263053 0.2141961 0.0090813 0.2204334 0.2373832 0.2204334 0.1105718 0.2404028 0.2242579 0.2223117 0.2347447 0.0013681 0.0041287 0.2264951 0.2246509 0.0027488 0.0105013 0.2387211 0.2256129 0.2288210 0.2127727 0.2298870 0.2141961 0.0034396 0.0027441 0.2217179 0.2421403 0.2230193 
OQ966473.1_AVI_ 6.1474538 0.0678806 0.0678806 0.0687404 0.0687739 0.0687739 0.0696396 0.0687739 0.0687404 0.0687774 0.0687739 0.0687404 0.0687443 0.0696360 0.0687404 0.0687404 0.0687699 0.0696060 0.0696060 0.0687739 0.0697189 0.0687739 0.0783135 0.0351572 0.0013686 0.0027462 0.0013682 0.0387674 0.0774013 0.2191681 0.2191681 0.2204509 0.0027443 0.0359840 0.2236505 0.0027554 0.0754898 0.2204656 0.0000000 0.0343698 0.0006827 0.0343540 0.0697083 0.2133530 0.0013682 0.0773967 0.0013682 0.1829457 0.0792571 0.0361179 0.0013699 0.0774013 0.2204656 0.2221077 0.0343698 0.0020558 0.2229041 0.2118706 0.0782903 0.0034389 0.0368085 0.0688115 0.0359840 0.0697083 0.2202555 0.2220705 0.0006827 0.0802422 0.0013682 
OQ957857.1_AVI_ 6.1977243 0.0774286 0.0774286 0.0783084 0.0783479 0.0783479 0.0792341 0.0783479 0.0783084 0.0783519 0.0783479 0.0783084 0.0783129 0.0792300 0.0783084 0.0783084 0.0765802 0.0791945 0.0791945 0.0783479 0.0784434 0.0783479 0.0836650 0.0020552 0.0359061 0.0375026 0.0358930 0.0466877 0.0845460 0.2251910 0.2251910 0.2264801 0.0374740 0.0027469 0.2271045 0.0376292 0.0825890 0.2264951 0.0343698 0.0000000 0.0351188 0.0013675 0.0793151 0.2205799 0.0358930 0.0845410 0.0343482 0.1894771 0.0837206 0.0027571 0.0351706 0.0845460 0.2264951 0.2281539 0.0000010 0.0351188 0.2289795 0.2178010 0.0854498 0.0383131 0.0020586 0.0783922 0.0027469 0.0793151 0.2249975 0.2281154 0.0351188 0.0874506 0.0358930 
OQ963161.1_AVI_ 6.1533853 0.0695892 0.0695892 0.0704525 0.0704870 0.0704870 0.0713563 0.0704870 0.0704525 0.0704906 0.0704870 0.0704525 0.0704565 0.0713527 0.0704525 0.0704525 0.0704830 0.0713217 0.0713217 0.0704870 0.0714380 0.0704870 0.0800836 0.0359077 0.0006825 0.0020561 0.0006823 0.0395341 0.0791670 0.2204187 0.2204187 0.2217032 0.0020547 0.0367369 0.2249106 0.0020630 0.0772443 0.2217179 0.0006827 0.0351188 0.0000000 0.0351026 0.0714272 0.2145851 0.0006823 0.0791623 0.0006823 0.1841256 0.0810322 0.0368736 0.0006832 0.0791670 0.2217179 0.2233640 0.0351188 0.0013683 0.2241667 0.2130997 0.0800596 0.0027464 0.0375637 0.0705258 0.0367369 0.0714272 0.2215082 0.2233265 0.0000010 0.0820235 0.0006823 
OQ961873.1_AVI_ 6.1493965 0.0756286 0.0756286 0.0765040 0.0765423 0.0765423 0.0774242 0.0765423 0.0765040 0.0765463 0.0765423 0.0765040 0.0765084 0.0774201 0.0765040 0.0765040 0.0747835 0.0773857 0.0773857 0.0765423 0.0766351 0.0765423 0.0836171 0.0020544 0.0358895 0.0374851 0.0358764 0.0483255 0.0844975 0.2250025 0.2250025 0.2262903 0.0374565 0.0027458 0.2269136 0.0376116 0.0825420 0.2263053 0.0343540 0.0013675 0.0351026 0.0000000 0.0792708 0.2203973 0.0358764 0.0844926 0.0343324 0.1868822 0.0836727 0.0027560 0.0351544 0.0844975 0.2263053 0.2279623 0.0013675 0.0351026 0.2287863 0.2176213 0.0854007 0.0382951 0.0034399 0.0783486 0.0027458 0.0792708 0.2248091 0.2279238 0.0351026 0.0873999 0.0358764 
OQ960937.1_AVI_ 6.2448510 0.0069183 0.0069183 0.0076186 0.0076214 0.0076214 0.0083238 0.0076214 0.0076186 0.0076217 0.0090341 0.0076186 0.0076190 0.0083235 0.0076186 0.0076186 0.0090272 0.0083209 0.0083209 0.0076214 0.0083315 0.0076214 0.0580554 0.0802452 0.0723316 0.0715522 0.0723000 0.0860604 0.0555556 0.2154630 0.2154630 0.2167318 0.0741161 0.0794126 0.2198857 0.0744348 0.0538183 0.2141961 0.0697083 0.0793151 0.0714272 0.0792708 0.0000000 0.2122707 0.0723000 0.0555525 0.0705605 0.1838236 0.0572580 0.0815839 0.0724185 0.0539057 0.2167462 0.2212671 0.0793151 0.0732427 0.2191372 0.2095382 0.0563813 0.0751280 0.0822972 0.0006821 0.0794126 0.0000010 0.2136640 0.2183288 0.0714272 0.0581482 0.0723000 
PP802475.1_AVI_ 6.4625225 0.2174440 0.2174440 0.2187053 0.2188676 0.2188676 0.2172830 0.2188676 0.2161703 0.2188855 0.2217457 0.2187053 0.2187196 0.2201318 0.2174440 0.2174440 0.2175909 0.2187196 0.2187196 0.2188676 0.2192799 0.2188676 0.2340138 0.2220355 0.2160109 0.2177184 0.2158643 0.2220080 0.2325664 0.0083730 0.0083730 0.0090809 0.2187300 0.2238999 0.0105165 0.2173117 0.2293136 0.0090813 0.2133530 0.2205799 0.2145851 0.2203973 0.2122707 0.0000000 0.2133221 0.2325510 0.2133221 0.1099300 0.2355233 0.2183932 0.2151491 0.2299484 0.0090813 0.0119478 0.2205799 0.2174590 0.0105283 0.0027461 0.2338705 0.2206194 0.2228412 0.2108636 0.2238999 0.2122707 0.0083808 0.0105096 0.2145851 0.2372304 0.2158643 
OQ966633.1_AVI_ 6.1327234 0.0704565 0.0704565 0.0713217 0.0713568 0.0713568 0.0722280 0.0713568 0.0713217 0.0713604 0.0713568 0.0713217 0.0713258 0.0722243 0.0713217 0.0713217 0.0713527 0.0721928 0.0721928 0.0713568 0.0723109 0.0713568 0.0791906 0.0366841 0.0013678 0.0027447 0.0013674 0.0403286 0.0782762 0.2191361 0.2191361 0.2204187 0.0027427 0.0375164 0.2236176 0.0027539 0.0763593 0.2204334 0.0013682 0.0358930 0.0006823 0.0358764 0.0723000 0.2133221 0.0000000 0.0782716 0.0013674 0.1829188 0.0801366 0.0376559 0.0013691 0.0782762 0.2204334 0.2220751 0.0358930 0.0020548 0.2228712 0.2118399 0.0791670 0.0034370 0.0383461 0.0713962 0.0375164 0.0723000 0.2202233 0.2220379 0.0006823 0.0811247 0.0013674 
OQ964593.1_AVI_ 6.1235135 0.0538298 0.0538298 0.0546505 0.0529833 0.0546755 0.0555010 0.0529833 0.0546505 0.0546781 0.0546755 0.0546505 0.0546536 0.0538027 0.0546505 0.0546505 0.0538027 0.0554760 0.0554760 0.0546755 0.0555612 0.0546755 0.0048278 0.0854939 0.0800959 0.0811009 0.0800596 0.0934843 0.0013682 0.2373832 0.2373832 0.2387052 0.0801366 0.0846473 0.2420571 0.0822905 0.0013696 0.2373832 0.0773967 0.0845410 0.0791623 0.0844926 0.0555525 0.2325510 0.0782716 0.0000000 0.0782716 0.1871283 0.0055304 0.0838316 0.0801951 0.0013682 0.2387211 0.2434939 0.0845410 0.0810369 0.2373832 0.2296910 0.0020546 0.0809160 0.0876084 0.0547026 0.0846473 0.0555525 0.2354902 0.2403979 0.0791623 0.0048340 0.0800596 
OQ960809.1_AVI_ 6.1533853 0.0687277 0.0687277 0.0695892 0.0696232 0.0696232 0.0704906 0.0696232 0.0695892 0.0696267 0.0696232 0.0695892 0.0695932 0.0704870 0.0695892 0.0695892 0.0696192 0.0704565 0.0704565 0.0696232 0.0705711 0.0696232 0.0791906 0.0351350 0.0013678 0.0027447 0.0013674 0.0387435 0.0782762 0.2191361 0.2191361 0.2204187 0.0027427 0.0359612 0.2236176 0.0027539 0.0763593 0.2204334 0.0013682 0.0343482 0.0006823 0.0343324 0.0705605 0.2133221 0.0013674 0.0782716 0.0000000 0.1829188 0.0801366 0.0360951 0.0013691 0.0782762 0.2204334 0.2220751 0.0343482 0.0020548 0.2228712 0.2118399 0.0791670 0.0034370 0.0367851 0.0696614 0.0359612 0.0705605 0.2202233 0.2220379 0.0006823 0.0811247 0.0013674 
OR267215.1_AVI_ 6.3586568 0.1836683 0.1836683 0.1824554 0.1823233 0.1850038 0.1811274 0.1823233 0.1848711 0.1850179 0.1850038 0.1824554 0.1848833 0.1811137 0.1836683 0.1836683 0.1799063 0.1824674 0.1824674 0.1850038 0.1829058 0.1850038 0.1884751 0.1881234 0.1854681 0.1870362 0.1853468 0.1861804 0.1871409 0.1096046 0.1096046 0.1105652 0.1880447 0.1925558 0.1127216 0.1890161 0.1842032 0.1105718 0.1829457 0.1894771 0.1841256 0.1868822 0.1838236 0.1099300 0.1829188 0.1871283 0.1829188 0.0000000 0.1898674 0.1896969 0.1845835 0.1871409 0.1086459 0.1137366 0.1894771 0.1868294 0.1119416 0.1079036 0.1859021 0.1877376 0.1914988 0.1824905 0.1898132 0.1838236 0.1118051 0.1095983 0.1841256 0.1901614 0.1853468 
OQ965865.1_AVI_ 6.1354032 0.0555234 0.0555234 0.0563485 0.0546724 0.0563745 0.0572046 0.0546724 0.0563485 0.0563772 0.0563745 0.0563485 0.0563517 0.0554953 0.0563485 0.0563485 0.0554953 0.0571786 0.0571786 0.0563745 0.0572670 0.0563745 0.0062297 0.0846723 0.0819719 0.0829851 0.0819344 0.0945250 0.0055307 0.2404028 0.2404028 0.2417308 0.0820138 0.0838258 0.2451068 0.0841868 0.0041330 0.2404028 0.0792571 0.0837206 0.0810322 0.0836727 0.0572580 0.2355233 0.0801366 0.0055304 0.0801366 0.1898674 0.0000000 0.0830097 0.0820740 0.0055307 0.2417470 0.2465494 0.0837206 0.0829192 0.2404028 0.2326478 0.0062290 0.0827945 0.0867821 0.0564037 0.0838258 0.0572580 0.2346064 0.2434349 0.0810322 0.0076414 0.0819344 
OQ962625.1_AVI_ 6.2753104 0.0796731 0.0796731 0.0805623 0.0806035 0.0806035 0.0814995 0.0806035 0.0805623 0.0806078 0.0806035 0.0805623 0.0805670 0.0814952 0.0805623 0.0805623 0.0788165 0.0805623 0.0805623 0.0806035 0.0807029 0.0806035 0.0829545 0.0034515 0.0376698 0.0392850 0.0376559 0.0484874 0.0838365 0.2229609 0.2229609 0.2242431 0.0392548 0.0041519 0.2248578 0.0394183 0.0818793 0.2242579 0.0361179 0.0027571 0.0368736 0.0027560 0.0815839 0.2183932 0.0376559 0.0838316 0.0360951 0.1896969 0.0830097 0.0000000 0.0369287 0.0838365 0.2242579 0.2259047 0.0027571 0.0368736 0.2267164 0.2156311 0.0847410 0.0401055 0.0048547 0.0806498 0.0041519 0.0815839 0.2227672 0.2258668 0.0368736 0.0867420 0.0376559 
OQ962233.1_AVI_ 6.2024192 0.0705711 0.0705711 0.0714380 0.0714733 0.0714733 0.0723462 0.0714733 0.0714380 0.0714769 0.0714733 0.0714380 0.0714422 0.0723425 0.0714380 0.0714380 0.0714691 0.0723109 0.0723109 0.0714733 0.0704672 0.0714733 0.0811208 0.0359609 0.0013695 0.0027481 0.0013691 0.0403877 0.0801998 0.2210078 0.2210078 0.2222969 0.0027461 0.0367916 0.2255173 0.0027573 0.0782670 0.2223117 0.0013699 0.0351706 0.0006832 0.0351544 0.0724185 0.2151491 0.0013691 0.0801951 0.0013691 0.1845835 0.0820740 0.0369287 0.0000000 0.0801998 0.2223117 0.2239644 0.0351706 0.0020573 0.2247724 0.2136580 0.0810962 0.0034412 0.0376198 0.0715128 0.0367916 0.0724185 0.2221015 0.2239267 0.0006832 0.0830698 0.0013691 
OQ963017.1_AVI_ 6.0823801 0.0521929 0.0521929 0.0530100 0.0513519 0.0530341 0.0538560 0.0513519 0.0530100 0.0530366 0.0530341 0.0530100 0.0530129 0.0521667 0.0530100 0.0530100 0.0521667 0.0538318 0.0538318 0.0530341 0.0539142 0.0530341 0.0048280 0.0854989 0.0801006 0.0811057 0.0800643 0.0934899 0.0013683 0.2347447 0.2347447 0.2360630 0.0801413 0.0846523 0.2393976 0.0822954 0.0013697 0.2347447 0.0774013 0.0845460 0.0791670 0.0844975 0.0539057 0.2299484 0.0782762 0.0013682 0.0782762 0.1871409 0.0055307 0.0838365 0.0801998 0.0000000 0.2360788 0.2408309 0.0845460 0.0810417 0.2347447 0.2270989 0.0020547 0.0809207 0.0876136 0.0530612 0.0846523 0.0539057 0.2328590 0.2377476 0.0791670 0.0048342 0.0800643 
OQ961041.1_AVI_ 6.4878001 0.2219911 0.2219911 0.2232697 0.2234372 0.2234372 0.2218250 0.2234372 0.2206998 0.2234559 0.2263612 0.2232697 0.2232845 0.2247188 0.2219911 0.2219911 0.2221429 0.2232845 0.2232845 0.2234372 0.2238651 0.2234372 0.2402105 0.2279775 0.2231728 0.2249256 0.2230193 0.2279812 0.2387371 0.0006827 0.0006827 0.0013680 0.2259435 0.2298870 0.0027459 0.2245322 0.2354163 0.0013681 0.2204656 0.2264951 0.2217179 0.2263053 0.2167462 0.0090813 0.2204334 0.2387211 0.2204334 0.1086459 0.2417470 0.2242579 0.2223117 0.2360788 0.0000000 0.0041287 0.2264951 0.2246509 0.0027488 0.0105013 0.2400611 0.2256129 0.2288210 0.2153166 0.2298870 0.2167462 0.0034396 0.0027441 0.2217179 0.2434888 0.2230193 
OQ966145.1_AVI_ 6.4961826 0.2265547 0.2265547 0.2278435 0.2280153 0.2280153 0.2263842 0.2280153 0.2252528 0.2280345 0.2280153 0.2278435 0.2278586 0.2293070 0.2265547 0.2265547 0.2267104 0.2278586 0.2278586 0.2280153 0.2284565 0.2280153 0.2449980 0.2296424 0.2248248 0.2265873 0.2246698 0.2296551 0.2435102 0.0034366 0.0034366 0.0041285 0.2276060 0.2315629 0.0055247 0.2261971 0.2401494 0.0041287 0.2221077 0.2281539 0.2233640 0.2279623 0.2212671 0.0119478 0.2220751 0.2434939 0.2220751 0.1137366 0.2465494 0.2259047 0.2239644 0.2408309 0.0041287 0.0000000 0.2281539 0.2263091 0.0041386 0.0133827 0.2448445 0.2272745 0.2304959 0.2198229 0.2315629 0.2212671 0.0062285 0.0041314 0.2233640 0.2483112 0.2246698 
OQ966961.1_AVI_ 6.1977243 0.0774286 0.0774286 0.0783084 0.0783479 0.0783479 0.0792341 0.0783479 0.0783084 0.0783519 0.0783479 0.0783084 0.0783129 0.0792300 0.0783084 0.0783084 0.0765802 0.0791945 0.0791945 0.0783479 0.0784434 0.0783479 0.0836650 0.0020552 0.0359061 0.0375026 0.0358930 0.0466877 0.0845460 0.2251910 0.2251910 0.2264801 0.0374740 0.0027469 0.2271045 0.0376292 0.0825890 0.2264951 0.0343698 0.0000010 0.0351188 0.0013675 0.0793151 0.2205799 0.0358930 0.0845410 0.0343482 0.1894771 0.0837206 0.0027571 0.0351706 0.0845460 0.2264951 0.2281539 0.0000000 0.0351188 0.2289795 0.2178010 0.0854498 0.0383131 0.0020586 0.0783922 0.0027469 0.0793151 0.2249975 0.2281154 0.0351188 0.0874506 0.0358930 
OQ966713.1_AVI_ 6.1533853 0.0713915 0.0713915 0.0722595 0.0722952 0.0722952 0.0731694 0.0722952 0.0722595 0.0722990 0.0722952 0.0722595 0.0722637 0.0731657 0.0722595 0.0722595 0.0722911 0.0731336 0.0731336 0.0722952 0.0732537 0.0722952 0.0819642 0.0359077 0.0020554 0.0034370 0.0020548 0.0411580 0.0810417 0.2233453 0.2233453 0.2246359 0.0034346 0.0367369 0.2278672 0.0034485 0.0791048 0.2246509 0.0020558 0.0351188 0.0013683 0.0351026 0.0732427 0.2174590 0.0020548 0.0810369 0.0020548 0.1868294 0.0829192 0.0368736 0.0020573 0.0810417 0.2246509 0.2263091 0.0351188 0.0000000 0.2271279 0.2159640 0.0819392 0.0041318 0.0375637 0.0723353 0.0367369 0.0732427 0.2244416 0.2262708 0.0013683 0.0839183 0.0020548 
