59
NC_007362                              0.0000000 6.2327711 6.2538391 6.2396659 6.2060393 6.2308788 6.2327711 6.2098801 6.2060393 6.2547030 6.2607543 6.2327711 6.2177843 6.2547030 6.3037378 6.2060393 6.0135995 6.1674041 6.1517721 6.1033396 6.1507457 6.1720525 6.0582226 6.4608641 6.4608641 6.1498983 6.1700241 6.4551690 6.1843831 6.0299713 6.4836657 6.1230988 6.1742405 6.1291589 6.1261468 6.2195371 6.4350354 6.1084829 6.0993809 6.1291589 6.3351083 6.1109332 6.2516717 6.1779716 6.0582226 6.4608641 6.4693295 6.1291589 6.5594708 6.4684681 6.0369074 6.1817918 6.2388606 6.2463418 6.1209746 6.5200445 6.5315761 6.0944773 6.1084829 
PP753188.1left_bracketCATright_bracket 6.2327711 0.0000000 0.0006820 0.0006822 0.0006822 0.0013672 0.0006820 0.0006823 0.0020544 0.0006820 0.0013672 0.0006820 0.0020530 0.0013668 0.0013684 0.0006822 0.0562679 0.0782672 0.0704075 0.0696304 0.0703799 0.0840027 0.0537854 0.2202676 0.2215478 0.0721770 0.0774409 0.2247314 0.0724935 0.0520640 0.2189893 0.0678073 0.0773468 0.0695126 0.0755495 0.0069171 0.2170449 0.0703799 0.0537823 0.0686513 0.1833562 0.0554716 0.0795949 0.0704912 0.0521458 0.2215628 0.2260858 0.0713092 0.2239770 0.2142855 0.0546060 0.0731760 0.0802938 0.0076202 0.0774409 0.2184509 0.2231389 0.0563504 0.0703799 
PP753740.1left_bracketCATright_bracket 6.2538391 0.0006820 0.0000000 0.0013672 0.0013672 0.0006822 0.0013667 0.0013672 0.0027423 0.0013668 0.0006822 0.0013667 0.0027404 0.0020525 0.0006829 0.0013672 0.0570941 0.0791494 0.0712730 0.0704953 0.0712449 0.0849112 0.0546060 0.2215478 0.2228300 0.0730468 0.0783219 0.2260221 0.0733671 0.0528795 0.2202676 0.0686669 0.0782266 0.0703757 0.0764250 0.0076173 0.2183098 0.0712449 0.0546028 0.0695126 0.1821409 0.0562965 0.0804843 0.0713579 0.0529627 0.2228451 0.2273783 0.0721770 0.2252700 0.2155452 0.0554283 0.0740495 0.0811833 0.0083222 0.0783219 0.2197273 0.2244250 0.0571780 0.0712449 
PP752820.1left_bracketCATright_bracket 6.2396659 0.0006822 0.0013672 0.0000000 0.0013676 0.0020538 0.0013672 0.0013677 0.0013676 0.0013672 0.0006820 0.0013672 0.0013667 0.0020531 0.0020556 0.0013676 0.0554172 0.0791863 0.0713053 0.0705273 0.0712772 0.0849521 0.0529419 0.2217011 0.2229843 0.0730801 0.0783584 0.2261793 0.0734008 0.0512256 0.2204199 0.0686977 0.0782629 0.0704075 0.0764602 0.0076199 0.2184593 0.0712772 0.0529388 0.0695439 0.1820189 0.0546227 0.0805222 0.0713903 0.0513068 0.2229994 0.2275366 0.0722099 0.2254272 0.2156924 0.0537602 0.0740835 0.0812215 0.0083250 0.0783584 0.2198791 0.2245808 0.0554982 0.0712772 
PP755964.1left_bracketCATright_bracket 6.2060393 0.0006822 0.0013672 0.0013676 0.0000000 0.0020538 0.0013672 0.0013677 0.0027432 0.0013672 0.0020537 0.0013672 0.0027413 0.0020531 0.0020556 0.0013676 0.0571184 0.0791863 0.0713053 0.0705273 0.0712772 0.0849521 0.0546290 0.2217011 0.2229843 0.0730801 0.0783584 0.2261793 0.0734008 0.0529015 0.2204199 0.0686977 0.0782629 0.0704075 0.0764602 0.0076199 0.2184593 0.0712772 0.0546258 0.0695439 0.1846835 0.0563204 0.0805222 0.0713903 0.0529849 0.2229994 0.2275366 0.0722099 0.2254272 0.2156924 0.0554517 0.0740835 0.0812215 0.0083250 0.0783584 0.2198791 0.2245808 0.0572024 0.0712772 
PP755684.1left_bracketCATright_bracket 6.2308788 0.0013672 0.0006822 0.0020538 0.0020538 0.0000000 0.0020531 0.0020538 0.0034329 0.0020532 0.0013676 0.0020531 0.0034305 0.0027407 0.0013689 0.0020538 0.0579497 0.0800753 0.0721770 0.0713984 0.0721485 0.0858670 0.0554545 0.2201155 0.2213947 0.0739562 0.0792462 0.2245753 0.0742809 0.0537218 0.2188382 0.0695634 0.0791494 0.0712768 0.0773423 0.0083222 0.2168965 0.0721485 0.0554513 0.0704113 0.1808211 0.0571504 0.0814185 0.0722633 0.0538076 0.2214097 0.2259287 0.0730841 0.2238212 0.2141395 0.0562791 0.0749634 0.0821180 0.0090292 0.0792462 0.2183003 0.2229843 0.0580352 0.0721485 
PP753116.1left_bracketCATright_bracket 6.2327711 0.0006820 0.0013667 0.0013672 0.0013672 0.0020531 0.0000000 0.0013672 0.0027423 0.0013668 0.0020530 0.0013667 0.0027404 0.0020525 0.0020549 0.0013672 0.0570941 0.0791494 0.0712730 0.0704953 0.0712449 0.0849112 0.0546060 0.2189744 0.2202526 0.0730468 0.0783219 0.2234275 0.0733671 0.0528795 0.2176982 0.0686669 0.0782266 0.0703757 0.0764250 0.0076173 0.2157673 0.0712449 0.0546028 0.0695126 0.1845614 0.0562965 0.0804843 0.0713579 0.0529627 0.2202676 0.2247800 0.0721770 0.2226708 0.2130135 0.0554283 0.0740495 0.0811833 0.0083222 0.0783219 0.2171617 0.2218396 0.0571780 0.0712449 
PP753132.1left_bracketCATright_bracket 6.2098801 0.0006823 0.0013672 0.0013677 0.0013677 0.0020538 0.0013672 0.0000000 0.0027433 0.0013673 0.0020538 0.0013672 0.0027414 0.0020532 0.0020557 0.0013677 0.0571213 0.0791907 0.0713092 0.0705310 0.0712810 0.0849559 0.0546317 0.2217202 0.2230036 0.0730841 0.0783626 0.2261990 0.0734048 0.0529042 0.2204388 0.0687014 0.0782672 0.0704113 0.0764644 0.0076202 0.2184779 0.0712810 0.0546286 0.0695476 0.1846981 0.0563232 0.0805266 0.0713942 0.0529875 0.2230187 0.2275564 0.0722138 0.2254468 0.2157107 0.0554545 0.0740875 0.0812260 0.0083254 0.0783626 0.2198980 0.2246002 0.0572053 0.0712810 
PP753620.1left_bracketCATright_bracket 6.2060393 0.0020544 0.0027423 0.0013676 0.0027432 0.0034329 0.0027423 0.0027433 0.0000000 0.0027424 0.0020537 0.0027423 0.0027413 0.0034318 0.0034360 0.0027432 0.0571184 0.0791863 0.0713053 0.0705273 0.0712772 0.0849521 0.0546290 0.2246002 0.2258895 0.0730801 0.0783584 0.2291079 0.0734008 0.0529015 0.2233129 0.0686977 0.0782629 0.0704075 0.0764602 0.0090319 0.2213196 0.0712772 0.0546258 0.0695439 0.1846835 0.0563204 0.0805222 0.0713903 0.0529849 0.2259048 0.2275366 0.0722099 0.2283600 0.2185372 0.0554517 0.0740835 0.0812215 0.0097412 0.0783584 0.2227673 0.2274969 0.0572024 0.0712772 
PP752788.1left_bracketCATright_bracket 6.2547030 0.0006820 0.0013668 0.0013672 0.0013672 0.0020532 0.0013668 0.0013673 0.0027424 0.0000000 0.0020531 0.0013668 0.0027405 0.0020526 0.0020550 0.0013672 0.0570973 0.0791541 0.0712772 0.0704995 0.0712491 0.0849163 0.0546091 0.2215628 0.2228451 0.0730511 0.0783266 0.2260374 0.0733715 0.0528825 0.2202825 0.0686709 0.0782312 0.0703799 0.0764295 0.0076177 0.2183245 0.0712491 0.0546060 0.0695167 0.1845739 0.0562997 0.0804891 0.0713621 0.0529657 0.2228602 0.2273937 0.0721813 0.2252854 0.2155597 0.0554314 0.0740538 0.0811881 0.0083227 0.0783266 0.2197422 0.2244402 0.0571813 0.0712491 
PP755972.1left_bracketCATright_bracket 6.2607543 0.0013672 0.0006822 0.0006820 0.0020537 0.0013676 0.0020530 0.0020538 0.0020537 0.0020531 0.0000000 0.0020530 0.0020523 0.0027405 0.0013688 0.0020537 0.0562412 0.0800709 0.0721732 0.0713945 0.0721446 0.0858621 0.0537602 0.2229843 0.2242694 0.0739522 0.0792418 0.2274730 0.0742769 0.0520398 0.2217011 0.0695597 0.0791451 0.0712730 0.0773381 0.0083219 0.2197272 0.0721446 0.0537571 0.0704075 0.1808069 0.0554453 0.0814140 0.0722594 0.0521214 0.2242847 0.2288320 0.0730801 0.2267231 0.2169550 0.0545802 0.0749593 0.0821134 0.0090289 0.0792418 0.2211585 0.2258698 0.0563236 0.0721446 
PP799578.1left_bracketCATright_bracket 6.2327711 0.0006820 0.0013667 0.0013672 0.0013672 0.0020531 0.0013667 0.0013672 0.0027423 0.0013668 0.0020530 0.0000000 0.0027404 0.0006820 0.0020549 0.0013672 0.0570941 0.0791494 0.0712730 0.0704953 0.0712449 0.0849112 0.0546060 0.2202676 0.2215478 0.0730468 0.0783219 0.2247314 0.0733671 0.0528795 0.2189893 0.0686669 0.0782266 0.0703757 0.0764250 0.0076173 0.2170449 0.0712449 0.0546028 0.0695126 0.1833562 0.0562965 0.0804843 0.0713579 0.0529627 0.2215628 0.2260858 0.0721770 0.2239770 0.2142855 0.0554283 0.0740495 0.0811833 0.0083222 0.0783219 0.2184509 0.2231389 0.0571780 0.0712449 
PP753724.1left_bracketCATright_bracket 6.2177843 0.0020530 0.0027404 0.0013667 0.0027413 0.0034305 0.0027404 0.0027414 0.0027413 0.0027405 0.0020523 0.0027404 0.0000000 0.0034295 0.0034336 0.0027413 0.0562412 0.0774136 0.0713012 0.0722637 0.0712730 0.0849470 0.0537602 0.2204049 0.2216861 0.0730758 0.0765880 0.2248724 0.0733965 0.0520398 0.2217011 0.0686937 0.0764952 0.0704034 0.0747013 0.0090255 0.2171788 0.0712730 0.0537571 0.0695398 0.1795971 0.0554453 0.0787349 0.0713861 0.0521214 0.2217011 0.2262277 0.0722057 0.2241178 0.2144174 0.0545802 0.0740791 0.0794339 0.0097343 0.0765880 0.2185868 0.2232785 0.0563236 0.0712730 
PP799270.1left_bracketCATright_bracket 6.2547030 0.0013668 0.0020525 0.0020531 0.0020531 0.0027407 0.0020525 0.0020532 0.0034318 0.0020526 0.0027405 0.0006820 0.0034295 0.0000000 0.0027431 0.0020531 0.0579254 0.0800382 0.0721446 0.0713663 0.0721160 0.0849112 0.0554314 0.2215628 0.2228451 0.0739227 0.0792095 0.2260374 0.0742471 0.0536997 0.2202825 0.0695324 0.0791129 0.0712449 0.0773069 0.0083195 0.2183245 0.0721160 0.0554283 0.0703799 0.1821532 0.0571264 0.0804843 0.0722308 0.0537854 0.2228602 0.2273937 0.0730511 0.2252854 0.2155597 0.0562556 0.0749292 0.0820795 0.0090263 0.0792095 0.2197422 0.2244402 0.0580108 0.0721160 
PP753644.1left_bracketCATright_bracket 6.3037378 0.0013684 0.0006829 0.0020556 0.0020556 0.0013689 0.0020549 0.0020557 0.0034360 0.0020550 0.0013688 0.0020549 0.0034336 0.0027431 0.0000000 0.0020556 0.0580126 0.0792828 0.0722594 0.0714798 0.0722308 0.0859693 0.0555142 0.2221256 0.2234123 0.0740411 0.0784537 0.2266171 0.0743665 0.0537793 0.2208410 0.0696421 0.0783580 0.0713579 0.0765526 0.0083298 0.2188719 0.0722308 0.0555110 0.0704912 0.1825807 0.0572122 0.0806212 0.0703895 0.0538643 0.2234275 0.2279779 0.0731677 0.2258641 0.2160974 0.0563398 0.0750498 0.0813214 0.0090375 0.0784537 0.2202984 0.2250135 0.0580983 0.0722308 
PP753516.1left_bracketCATright_bracket 6.2060393 0.0006822 0.0013672 0.0013676 0.0013676 0.0020538 0.0013672 0.0013677 0.0027432 0.0013672 0.0020537 0.0013672 0.0027413 0.0020531 0.0020556 0.0000000 0.0571184 0.0791863 0.0713053 0.0705273 0.0712772 0.0849521 0.0546290 0.2217011 0.2229843 0.0730801 0.0783584 0.2261793 0.0734008 0.0529015 0.2204199 0.0686977 0.0782629 0.0704075 0.0764602 0.0076199 0.2184593 0.0712772 0.0546258 0.0695439 0.1846835 0.0563204 0.0805222 0.0713903 0.0529849 0.2229994 0.2275366 0.0722099 0.2254272 0.2156924 0.0554517 0.0740835 0.0812215 0.0083250 0.0783584 0.2198791 0.2245808 0.0572024 0.0712772 
PP801926.1left_bracketAVIright_bracket 6.0135995 0.0562679 0.0570941 0.0554172 0.0571184 0.0579497 0.0570941 0.0571213 0.0571184 0.0570973 0.0562412 0.0570941 0.0562412 0.0579254 0.0580126 0.0571184 0.0000000 0.0845112 0.0809214 0.0819300 0.0808880 0.0933902 0.0048275 0.2383643 0.2396935 0.0790906 0.0836680 0.2430527 0.0831296 0.0034358 0.2383643 0.0782218 0.0835637 0.0799883 0.0835191 0.0580044 0.2335413 0.0790953 0.0048272 0.0790953 0.1881989 0.0062283 0.0828533 0.0810215 0.0048275 0.2397100 0.2444537 0.0818622 0.2383643 0.2306672 0.0055233 0.0817424 0.0866121 0.0571506 0.0836680 0.2364648 0.2413672 0.0069289 0.0808880 
OQ967561.1left_bracketAVIright_bracket 6.1674041 0.0782672 0.0791494 0.0791863 0.0791863 0.0800753 0.0791494 0.0791907 0.0791863 0.0791541 0.0800709 0.0791494 0.0774136 0.0800382 0.0792828 0.0791863 0.0845112 0.0000000 0.0366812 0.0382828 0.0366690 0.0491606 0.0853967 0.2261950 0.2274909 0.0382525 0.0034382 0.2281081 0.0384154 0.0834362 0.2275064 0.0351422 0.0020550 0.0358926 0.0020542 0.0801580 0.2215911 0.0366690 0.0853916 0.0351199 0.1878119 0.0845629 0.0034516 0.0359443 0.0853967 0.2275064 0.2291488 0.0358926 0.2299834 0.2187988 0.0863030 0.0390937 0.0041350 0.0792353 0.0034382 0.2259779 0.2291086 0.0882972 0.0366690 
OQ965457.1left_bracketAVIright_bracket 6.1517721 0.0704075 0.0712730 0.0713053 0.0713053 0.0721770 0.0712730 0.0713092 0.0713053 0.0712772 0.0721732 0.0712730 0.0713012 0.0721446 0.0722594 0.0713053 0.0809214 0.0366812 0.0000000 0.0027452 0.0013677 0.0403220 0.0800041 0.2213789 0.2226698 0.0027432 0.0359290 0.2258832 0.0027547 0.0780782 0.2226850 0.0013685 0.0358909 0.0006825 0.0358753 0.0722496 0.2155468 0.0013677 0.0799993 0.0013677 0.1851294 0.0818685 0.0376574 0.0013693 0.0800041 0.2226850 0.2243146 0.0020551 0.2251257 0.2140555 0.0808991 0.0034375 0.0383414 0.0713482 0.0375122 0.2224513 0.2242755 0.0809754 0.0013677 
OQ962777.1left_bracketAVIright_bracket 6.1033396 0.0696304 0.0704953 0.0705273 0.0705273 0.0713984 0.0704953 0.0705310 0.0705273 0.0704995 0.0713945 0.0704953 0.0722637 0.0713663 0.0714798 0.0705273 0.0819300 0.0382828 0.0027452 0.0000000 0.0027445 0.0419651 0.0810088 0.2231301 0.2244267 0.0041285 0.0391210 0.2276593 0.0041459 0.0790738 0.2218356 0.0027461 0.0374872 0.0020560 0.0374708 0.0714700 0.2172582 0.0027445 0.0810040 0.0027445 0.1867002 0.0828812 0.0392725 0.0027478 0.0810088 0.2244420 0.2260811 0.0034366 0.2269032 0.2157591 0.0819072 0.0048286 0.0399572 0.0705696 0.0391210 0.2242082 0.2260415 0.0838745 0.0027445 
OQ959337.1left_bracketAVIright_bracket 6.1507457 0.0703799 0.0712449 0.0712772 0.0712772 0.0721485 0.0712449 0.0712810 0.0712772 0.0712491 0.0721446 0.0712449 0.0712730 0.0721160 0.0722308 0.0712772 0.0808880 0.0366690 0.0013677 0.0027445 0.0000000 0.0403082 0.0799711 0.2212399 0.2225299 0.0027425 0.0374997 0.2257406 0.0027540 0.0780464 0.2225451 0.0013681 0.0358790 0.0006823 0.0358635 0.0722209 0.2154132 0.0013673 0.0799664 0.0013673 0.1850190 0.0818345 0.0376447 0.0013690 0.0799711 0.2225451 0.2241733 0.0020546 0.2249832 0.2139231 0.0808656 0.0034366 0.0383285 0.0713200 0.0374997 0.2223115 0.2241342 0.0828224 0.0013673 
PP755556.1left_bracketAVIright_bracket 6.1720525 0.0840027 0.0849112 0.0849521 0.0849521 0.0858670 0.0849112 0.0849559 0.0849521 0.0849163 0.0858621 0.0849112 0.0849470 0.0849112 0.0859693 0.0849521 0.0933902 0.0491606 0.0403220 0.0419651 0.0403082 0.0000000 0.0933616 0.2262296 0.2275326 0.0419313 0.0500514 0.2307904 0.0421121 0.0922545 0.2275482 0.0387474 0.0466677 0.0395138 0.0483039 0.0859579 0.2216007 0.0403082 0.0933559 0.0387234 0.1858783 0.0943883 0.0484707 0.0403656 0.0933616 0.2275482 0.2291996 0.0411348 0.2287091 0.2187936 0.0942995 0.0419958 0.0492604 0.0850056 0.0500514 0.2273148 0.2262098 0.0973337 0.0403082 
OQ957665.1left_bracketAVIright_bracket 6.0582226 0.0537854 0.0546060 0.0529419 0.0546290 0.0554545 0.0546060 0.0546317 0.0546290 0.0546091 0.0537602 0.0546060 0.0537602 0.0554314 0.0555142 0.0546290 0.0048275 0.0853967 0.0800041 0.0810088 0.0799711 0.0933616 0.0000000 0.2369023 0.2382286 0.0800416 0.0845527 0.2415762 0.0822026 0.0013695 0.2369023 0.0773117 0.0844471 0.0790738 0.0844019 0.0555063 0.2321019 0.0781832 0.0013681 0.0781832 0.1868711 0.0055295 0.0837376 0.0801028 0.0013682 0.2382449 0.2429746 0.0809419 0.2369023 0.2292354 0.0006827 0.0808239 0.0875043 0.0546595 0.0845527 0.2350079 0.2398969 0.0048332 0.0799711 
OQ966193.1left_bracketAVIright_bracket 6.4608641 0.2202676 0.2215478 0.2217011 0.2217011 0.2201155 0.2189744 0.2217202 0.2246002 0.2215628 0.2229843 0.2202676 0.2204049 0.2215628 0.2221256 0.2217011 0.2383643 0.2261950 0.2213789 0.2231301 0.2212399 0.2262296 0.2369023 0.0000000 0.0006826 0.2241384 0.2280881 0.0020569 0.2227281 0.2335954 0.0006827 0.2186959 0.2247249 0.2199370 0.2245491 0.2150558 0.0083724 0.2186511 0.2368861 0.2186511 0.1094989 0.2398857 0.2224943 0.2205129 0.2342395 0.0006827 0.0034363 0.2228444 0.0020591 0.0097888 0.2382286 0.2237988 0.2270331 0.2136385 0.2280881 0.0027481 0.0020556 0.2415994 0.2212399 
OQ959233.1left_bracketAVIright_bracket 6.4608641 0.2215478 0.2228300 0.2229843 0.2229843 0.2213947 0.2202526 0.2230036 0.2258895 0.2228451 0.2242694 0.2215478 0.2216861 0.2228451 0.2234123 0.2229843 0.2396935 0.2274909 0.2226698 0.2244267 0.2225299 0.2275326 0.2382286 0.0006826 0.0000000 0.2254345 0.2293904 0.0027457 0.2240276 0.2349129 0.0013680 0.2199820 0.2260177 0.2212248 0.2258408 0.2163280 0.0090803 0.2199370 0.2382123 0.2199370 0.1104603 0.2412180 0.2237801 0.2218052 0.2355618 0.0013680 0.0041281 0.2241384 0.0027485 0.0104998 0.2395569 0.2250944 0.2283358 0.2149078 0.2293904 0.0034390 0.0027438 0.2429359 0.2225299 
OQ965401.1left_bracketAVIright_bracket 6.1498983 0.0721770 0.0730468 0.0730801 0.0730801 0.0739562 0.0730468 0.0730841 0.0730801 0.0730511 0.0739522 0.0730468 0.0730758 0.0739227 0.0740411 0.0730801 0.0790906 0.0382525 0.0027432 0.0041285 0.0027425 0.0419313 0.0800416 0.2241384 0.2254345 0.0000000 0.0390900 0.2286688 0.0041428 0.0781145 0.2254499 0.0027441 0.0374576 0.0020545 0.0374413 0.0740311 0.2182601 0.0027425 0.0800368 0.0027425 0.1877004 0.0819071 0.0392412 0.0027458 0.0800416 0.2254499 0.2270897 0.0034341 0.2279157 0.2167607 0.0809371 0.0048250 0.0399254 0.0731244 0.0390900 0.2252167 0.2270499 0.0828962 0.0027425 
OQ960153.1left_bracketAVIright_bracket 6.1700241 0.0774409 0.0783219 0.0783584 0.0783584 0.0792462 0.0783219 0.0783626 0.0783584 0.0783266 0.0792418 0.0783219 0.0765880 0.0792095 0.0784537 0.0783584 0.0836680 0.0034382 0.0359290 0.0391210 0.0374997 0.0500514 0.0845527 0.2280881 0.2293904 0.0390900 0.0000000 0.2300161 0.0392567 0.0825963 0.2294061 0.0359675 0.0027465 0.0367203 0.0027455 0.0793279 0.2234460 0.0374997 0.0845477 0.0359446 0.1922191 0.0837192 0.0041518 0.0367734 0.0845527 0.2294061 0.2310592 0.0367203 0.2319061 0.2206383 0.0854579 0.0399358 0.0048358 0.0784067 0.0013683 0.2278710 0.2310184 0.0855399 0.0374997 
OQ961721.1left_bracketAVIright_bracket 6.4551690 0.2247314 0.2260221 0.2261793 0.2261793 0.2245753 0.2234275 0.2261990 0.2291079 0.2260374 0.2274730 0.2247314 0.2248724 0.2260374 0.2266171 0.2261793 0.2430527 0.2281081 0.2258832 0.2276593 0.2257406 0.2307904 0.2415762 0.0020569 0.0027457 0.2286688 0.2300161 0.0000000 0.2272663 0.2382286 0.0027458 0.2231760 0.2266292 0.2244267 0.2264512 0.2194771 0.0105156 0.2231301 0.2415596 0.2231301 0.1126135 0.2445893 0.2243819 0.2250200 0.2388914 0.0027458 0.0055240 0.2273641 0.0041377 0.0119434 0.2429132 0.2283268 0.2289587 0.2180453 0.2300161 0.0048320 0.0041306 0.2463229 0.2257406 
OQ961329.1left_bracketAVIright_bracket 6.1843831 0.0724935 0.0733671 0.0734008 0.0734008 0.0742809 0.0733671 0.0734048 0.0734008 0.0733715 0.0742769 0.0733671 0.0733965 0.0742471 0.0743665 0.0734008 0.0831296 0.0384154 0.0027547 0.0041459 0.0027540 0.0421121 0.0822026 0.2227281 0.2240276 0.0041428 0.0392567 0.2272663 0.0000000 0.0802542 0.2240429 0.0027556 0.0376170 0.0020631 0.0376005 0.0743564 0.2168465 0.0027540 0.0821977 0.0027540 0.1886832 0.0840870 0.0394092 0.0027573 0.0822026 0.2240429 0.2256852 0.0034485 0.2265074 0.2153445 0.0831061 0.0048453 0.0400960 0.0734454 0.0392567 0.2238084 0.2256455 0.0850875 0.0027540 
OQ957681.1left_bracketAVIright_bracket 6.0299713 0.0520640 0.0528795 0.0512256 0.0529015 0.0537218 0.0528795 0.0529042 0.0529015 0.0528825 0.0520398 0.0528795 0.0520398 0.0536997 0.0537793 0.0529015 0.0034358 0.0834362 0.0780782 0.0790738 0.0780464 0.0922545 0.0013695 0.2335954 0.2349129 0.0781145 0.0825963 0.2382286 0.0802542 0.0000000 0.2335954 0.0754039 0.0824938 0.0771549 0.0824500 0.0537716 0.2288537 0.0762700 0.0013695 0.0762700 0.1839385 0.0041322 0.0817841 0.0781739 0.0013695 0.2349290 0.2396190 0.0790089 0.2335954 0.2260088 0.0020566 0.0788948 0.0855232 0.0529309 0.0825963 0.2317157 0.2365664 0.0034398 0.0780464 
OQ962753.1left_bracketAVIright_bracket 6.4836657 0.2189893 0.2202676 0.2204199 0.2204199 0.2188382 0.2176982 0.2204388 0.2233129 0.2202825 0.2217011 0.2189893 0.2217011 0.2202825 0.2208410 0.2204199 0.2383643 0.2275064 0.2226850 0.2218356 0.2225451 0.2275482 0.2369023 0.0006827 0.0013680 0.2254499 0.2294061 0.0027458 0.2240429 0.2335954 0.0000000 0.2199970 0.2260331 0.2212399 0.2258561 0.2137855 0.0090808 0.2199520 0.2368861 0.2199520 0.1104671 0.2398857 0.2237953 0.2218204 0.2342395 0.0013681 0.0041283 0.2241538 0.0027487 0.0105003 0.2382286 0.2251098 0.2283514 0.2123713 0.2294061 0.0034392 0.0027440 0.2415994 0.2225451 
OQ966473.1left_bracketAVIright_bracket 6.1230988 0.0678073 0.0686669 0.0686977 0.0686977 0.0695634 0.0686669 0.0687014 0.0686977 0.0686709 0.0695597 0.0686669 0.0686937 0.0695324 0.0696421 0.0686977 0.0782218 0.0351422 0.0013685 0.0027461 0.0013681 0.0387474 0.0773117 0.2186959 0.2199820 0.0027441 0.0359675 0.2231760 0.0027556 0.0754039 0.2199970 0.0000000 0.0343559 0.0006827 0.0343411 0.0696326 0.2129075 0.0013681 0.0773071 0.0013681 0.1826236 0.0791609 0.0361067 0.0013698 0.0773117 0.2199970 0.2216170 0.0020556 0.2224139 0.2114239 0.0782007 0.0034386 0.0367911 0.0687386 0.0359675 0.2197630 0.2215786 0.0801396 0.0013681 
OQ957857.1left_bracketAVIright_bracket 6.1742405 0.0773468 0.0782266 0.0782629 0.0782629 0.0791494 0.0782266 0.0782672 0.0782629 0.0782312 0.0791451 0.0782266 0.0764952 0.0791129 0.0783580 0.0782629 0.0835637 0.0020550 0.0358909 0.0374872 0.0358790 0.0466677 0.0844471 0.2247249 0.2260177 0.0374576 0.0027465 0.2266292 0.0376170 0.0824938 0.2260331 0.0343559 0.0000000 0.0351047 0.0013675 0.0792309 0.2201442 0.0358790 0.0844420 0.0343341 0.1891572 0.0836147 0.0027572 0.0351552 0.0844471 0.2260331 0.2276696 0.0351047 0.2284960 0.2173599 0.0853509 0.0382953 0.0020584 0.0783111 0.0027465 0.2245076 0.2276298 0.0873375 0.0358790 
OQ963161.1left_bracketAVIright_bracket 6.1291589 0.0695126 0.0703757 0.0704075 0.0704075 0.0712768 0.0703757 0.0704113 0.0704075 0.0703799 0.0712730 0.0703757 0.0704034 0.0712449 0.0713579 0.0704075 0.0799883 0.0358926 0.0006825 0.0020560 0.0006823 0.0395138 0.0790738 0.2199370 0.2212248 0.0020545 0.0367203 0.2244267 0.0020631 0.0771549 0.2212399 0.0006827 0.0351047 0.0000000 0.0350896 0.0713482 0.2141304 0.0006823 0.0790691 0.0006823 0.1837953 0.0809323 0.0368623 0.0006831 0.0790738 0.2212399 0.2228638 0.0013681 0.2236669 0.2126438 0.0799664 0.0027460 0.0375461 0.0704497 0.0367203 0.2210061 0.2228250 0.0819169 0.0006823 
OQ961873.1left_bracketAVIright_bracket 6.1261468 0.0755495 0.0764250 0.0764602 0.0764602 0.0773423 0.0764250 0.0764644 0.0764602 0.0764295 0.0773381 0.0764250 0.0747013 0.0773069 0.0765526 0.0764602 0.0835191 0.0020542 0.0358753 0.0374708 0.0358635 0.0483039 0.0844019 0.2245491 0.2258408 0.0374413 0.0027455 0.2264512 0.0376005 0.0824500 0.2258561 0.0343411 0.0013675 0.0350896 0.0000000 0.0791896 0.2199740 0.0358635 0.0843969 0.0343194 0.1865674 0.0835701 0.0027562 0.0351400 0.0844019 0.2258561 0.2274909 0.0350896 0.2283158 0.2171923 0.0853051 0.0382785 0.0034395 0.0782705 0.0027455 0.2243319 0.2274512 0.0872903 0.0358635 
OQ960937.1left_bracketAVIright_bracket 6.2195371 0.0069171 0.0076173 0.0076199 0.0076199 0.0083222 0.0076173 0.0076202 0.0090319 0.0076177 0.0083219 0.0076173 0.0090255 0.0083195 0.0083298 0.0076199 0.0580044 0.0801580 0.0722496 0.0714700 0.0722209 0.0859579 0.0555063 0.2150558 0.2163280 0.0740311 0.0793279 0.2194771 0.0743564 0.0537716 0.2137855 0.0696326 0.0792309 0.0713482 0.0791896 0.0000000 0.2118954 0.0722209 0.0555031 0.0704815 0.1835232 0.0572042 0.0815035 0.0723360 0.0538566 0.2163427 0.2208240 0.0731578 0.2187134 0.2091577 0.0563318 0.0750396 0.0822038 0.0006821 0.0793279 0.2132549 0.2179029 0.0580901 0.0722209 
PP802475.1left_bracketAVIright_bracket 6.4350354 0.2170449 0.2183098 0.2184593 0.2184593 0.2168965 0.2157673 0.2184779 0.2213196 0.2183245 0.2197272 0.2170449 0.2171788 0.2183245 0.2188719 0.2184593 0.2335413 0.2215911 0.2155468 0.2172582 0.2154132 0.2216007 0.2321019 0.0083724 0.0090803 0.2182601 0.2234460 0.0105156 0.2168465 0.2288537 0.0090808 0.2129075 0.2201442 0.2141304 0.2199740 0.2118954 0.0000000 0.2128643 0.2320861 0.2128643 0.1098405 0.2350392 0.2179565 0.2146816 0.2294756 0.0090808 0.0119460 0.2169858 0.0105272 0.0027459 0.2334102 0.2201408 0.2223983 0.2104971 0.2234460 0.0083801 0.0105085 0.2367233 0.2154132 
OQ966633.1left_bracketAVIright_bracket 6.1084829 0.0703799 0.0712449 0.0712772 0.0712772 0.0721485 0.0712449 0.0712810 0.0712772 0.0712491 0.0721446 0.0712449 0.0712730 0.0721160 0.0722308 0.0712772 0.0790953 0.0366690 0.0013677 0.0027445 0.0013673 0.0403082 0.0781832 0.2186511 0.2199370 0.0027425 0.0374997 0.2231301 0.0027540 0.0762700 0.2199520 0.0013681 0.0358790 0.0006823 0.0358635 0.0722209 0.2128643 0.0000000 0.0781785 0.0013673 0.1825863 0.0800368 0.0376447 0.0013690 0.0781832 0.2199520 0.2215716 0.0020546 0.2223681 0.2113810 0.0790738 0.0034366 0.0383285 0.0713200 0.0374997 0.2197179 0.2215331 0.0810184 0.0013673 
OQ964593.1left_bracketAVIright_bracket 6.0993809 0.0537823 0.0546028 0.0529388 0.0546258 0.0554513 0.0546028 0.0546286 0.0546258 0.0546060 0.0537571 0.0546028 0.0537571 0.0554283 0.0555110 0.0546258 0.0048272 0.0853916 0.0799993 0.0810040 0.0799664 0.0933559 0.0013681 0.2368861 0.2382123 0.0800368 0.0845477 0.2415596 0.0821977 0.0013695 0.2368861 0.0773071 0.0844420 0.0790691 0.0843969 0.0555031 0.2320861 0.0781785 0.0000000 0.0781785 0.1868583 0.0055292 0.0837326 0.0800980 0.0013681 0.2382286 0.2429580 0.0809371 0.2368861 0.2292198 0.0020544 0.0808191 0.0874991 0.0546564 0.0845477 0.2349918 0.2398805 0.0048329 0.0799664 
OQ960809.1left_bracketAVIright_bracket 6.1291589 0.0686513 0.0695126 0.0695439 0.0695439 0.0704113 0.0695126 0.0695476 0.0695439 0.0695167 0.0704075 0.0695126 0.0695398 0.0703799 0.0704912 0.0695439 0.0790953 0.0351199 0.0013677 0.0027445 0.0013673 0.0387234 0.0781832 0.2186511 0.2199370 0.0027425 0.0359446 0.2231301 0.0027540 0.0762700 0.2199520 0.0013681 0.0343341 0.0006823 0.0343194 0.0704815 0.2128643 0.0013673 0.0781785 0.0000000 0.1825863 0.0800368 0.0360837 0.0013690 0.0781832 0.2199520 0.2215716 0.0020546 0.2223681 0.2113810 0.0790738 0.0034366 0.0367676 0.0695854 0.0359446 0.2197179 0.2215331 0.0810184 0.0013673 
OR267215.1left_bracketAVIright_bracket 6.3351083 0.1833562 0.1821409 0.1820189 0.1846835 0.1808211 0.1845614 0.1846981 0.1846835 0.1845739 0.1808069 0.1833562 0.1795971 0.1821532 0.1825807 0.1846835 0.1881989 0.1878119 0.1851294 0.1867002 0.1850190 0.1858783 0.1868711 0.1094989 0.1104603 0.1877004 0.1922191 0.1126135 0.1886832 0.1839385 0.1104671 0.1826236 0.1891572 0.1837953 0.1865674 0.1835232 0.1098405 0.1825863 0.1868583 0.1825863 0.0000000 0.1895811 0.1893747 0.1842424 0.1868711 0.1085394 0.1136150 0.1864828 0.1118283 0.1078132 0.1856295 0.1873837 0.1911722 0.1821982 0.1894930 0.1116907 0.1094923 0.1898535 0.1850190 
OQ965865.1left_bracketAVIright_bracket 6.1109332 0.0554716 0.0562965 0.0546227 0.0563204 0.0571504 0.0562965 0.0563232 0.0563204 0.0562997 0.0554453 0.0562965 0.0554453 0.0571264 0.0572122 0.0563204 0.0062283 0.0845629 0.0818685 0.0828812 0.0818345 0.0943883 0.0055295 0.2398857 0.2412180 0.0819071 0.0837192 0.2445893 0.0840870 0.0041322 0.2398857 0.0791609 0.0836147 0.0809323 0.0835701 0.0572042 0.2350392 0.0800368 0.0055292 0.0800368 0.1895811 0.0000000 0.0829039 0.0819701 0.0055295 0.2412345 0.2459928 0.0828124 0.2398857 0.2321572 0.0062277 0.0826908 0.0866654 0.0563521 0.0837192 0.2341065 0.2428972 0.0076391 0.0818345 
OQ962625.1left_bracketAVIright_bracket 6.2516717 0.0795949 0.0804843 0.0805222 0.0805222 0.0814185 0.0804843 0.0805266 0.0805222 0.0804891 0.0814140 0.0804843 0.0787349 0.0804843 0.0806212 0.0805222 0.0828533 0.0034516 0.0376574 0.0392725 0.0376447 0.0484707 0.0837376 0.2224943 0.2237801 0.0392412 0.0041518 0.2243819 0.0394092 0.0817841 0.2237953 0.0361067 0.0027572 0.0368623 0.0027562 0.0815035 0.2179565 0.0376447 0.0837326 0.0360837 0.1893747 0.0829039 0.0000000 0.0369159 0.0837376 0.2237953 0.2254199 0.0368623 0.2262324 0.2151892 0.0846421 0.0400905 0.0048546 0.0805725 0.0041518 0.2222769 0.2253808 0.0866290 0.0376447 
OQ962233.1left_bracketAVIright_bracket 6.1779716 0.0704912 0.0713579 0.0713903 0.0713903 0.0722633 0.0713579 0.0713942 0.0713903 0.0713621 0.0722594 0.0713579 0.0713861 0.0722308 0.0703895 0.0713903 0.0810215 0.0359443 0.0013693 0.0027478 0.0013690 0.0403656 0.0801028 0.2205129 0.2218052 0.0027458 0.0367734 0.2250200 0.0027573 0.0781739 0.2218204 0.0013698 0.0351552 0.0006831 0.0351400 0.0723360 0.2146816 0.0013690 0.0800980 0.0013690 0.1842424 0.0819701 0.0369159 0.0000000 0.0801028 0.2218204 0.2234507 0.0020570 0.2242591 0.2131895 0.0809991 0.0034407 0.0376007 0.0714333 0.0367734 0.2215861 0.2234117 0.0829602 0.0013690 
OQ963017.1left_bracketAVIright_bracket 6.0582226 0.0521458 0.0529627 0.0513068 0.0529849 0.0538076 0.0529627 0.0529875 0.0529849 0.0529657 0.0521214 0.0529627 0.0521214 0.0537854 0.0538643 0.0529849 0.0048275 0.0853967 0.0800041 0.0810088 0.0799711 0.0933616 0.0013682 0.2342395 0.2355618 0.0800416 0.0845527 0.2388914 0.0822026 0.0013695 0.2342395 0.0773117 0.0844471 0.0790738 0.0844019 0.0538566 0.2294756 0.0781832 0.0013681 0.0781832 0.1868711 0.0055295 0.0837376 0.0801028 0.0000000 0.2355779 0.2402866 0.0809419 0.2342395 0.2266200 0.0020545 0.0808239 0.0875043 0.0530144 0.0845527 0.2323526 0.2372220 0.0048332 0.0799711 
OQ961041.1left_bracketAVIright_bracket 6.4608641 0.2215628 0.2228451 0.2229994 0.2229994 0.2214097 0.2202676 0.2230187 0.2259048 0.2228602 0.2242847 0.2215628 0.2217011 0.2228602 0.2234275 0.2229994 0.2397100 0.2275064 0.2226850 0.2244420 0.2225451 0.2275482 0.2382449 0.0006827 0.0013680 0.2254499 0.2294061 0.0027458 0.2240429 0.2349290 0.0013681 0.2199970 0.2260331 0.2212399 0.2258561 0.2163427 0.0090808 0.2199520 0.2382286 0.2199520 0.1085394 0.2412345 0.2237953 0.2218204 0.2355779 0.0000000 0.0041283 0.2241538 0.0027487 0.0105003 0.2395733 0.2251098 0.2283514 0.2149224 0.2294061 0.0034392 0.0027440 0.2429525 0.2225451 
OQ966145.1left_bracketAVIright_bracket 6.4693295 0.2260858 0.2273783 0.2275366 0.2275366 0.2259287 0.2247800 0.2275564 0.2275366 0.2273937 0.2288320 0.2260858 0.2262277 0.2273937 0.2279779 0.2275366 0.2444537 0.2291488 0.2243146 0.2260811 0.2241733 0.2291996 0.2429746 0.0034363 0.0041281 0.2270897 0.2310592 0.0055240 0.2256852 0.2396190 0.0041283 0.2216170 0.2276696 0.2228638 0.2274909 0.2208240 0.0119460 0.2215716 0.2429580 0.2215716 0.1136150 0.2459928 0.2254199 0.2234507 0.2402866 0.0041283 0.0000000 0.2257893 0.0041379 0.0133803 0.2443133 0.2267487 0.2300037 0.2193894 0.2310592 0.0062272 0.0041308 0.2477302 0.2241733 
OQ966713.1left_bracketAVIright_bracket 6.1291589 0.0713092 0.0721770 0.0722099 0.0722099 0.0730841 0.0721770 0.0722138 0.0722099 0.0721813 0.0730801 0.0721770 0.0722057 0.0730511 0.0731677 0.0722099 0.0818622 0.0358926 0.0020551 0.0034366 0.0020546 0.0411348 0.0809419 0.2228444 0.2241384 0.0034341 0.0367203 0.2273641 0.0034485 0.0790089 0.2241538 0.0020556 0.0351047 0.0013681 0.0350896 0.0731578 0.2169858 0.0020546 0.0809371 0.0020546 0.1864828 0.0828124 0.0368623 0.0020570 0.0809419 0.2241538 0.2257893 0.0000000 0.2266086 0.2154897 0.0818394 0.0041311 0.0375461 0.0722535 0.0367203 0.2239203 0.2257499 0.0838047 0.0020546 
OQ961625.1left_bracketAVIright_bracket 6.5594708 0.2239770 0.2252700 0.2254272 0.2254272 0.2238212 0.2226708 0.2254468 0.2283600 0.2252854 0.2267231 0.2239770 0.2241178 0.2252854 0.2258641 0.2254272 0.2383643 0.2299834 0.2251257 0.2269032 0.2249832 0.2287091 0.2369023 0.0020591 0.0027485 0.2279157 0.2319061 0.0041377 0.2265074 0.2335954 0.0027487 0.2224139 0.2284960 0.2236669 0.2283158 0.2187134 0.0105272 0.2223681 0.2368861 0.2223681 0.1118283 0.2398857 0.2262324 0.2242591 0.2342395 0.0027487 0.0041379 0.2266086 0.0000000 0.0119566 0.2382286 0.2237988 0.2308464 0.2172797 0.2319061 0.0048372 0.0027503 0.2415994 0.2249832 
PP802179.1left_bracketAVIright_bracket 6.4684681 0.2142855 0.2155452 0.2156924 0.2156924 0.2141395 0.2130135 0.2157107 0.2185372 0.2155597 0.2169550 0.2142855 0.2144174 0.2155597 0.2160974 0.2156924 0.2306672 0.2187988 0.2140555 0.2157591 0.2139231 0.2187936 0.2292354 0.0097888 0.0104998 0.2167607 0.2206383 0.0119434 0.2153445 0.2260088 0.0105003 0.2114239 0.2173599 0.2126438 0.2171923 0.2091577 0.0027459 0.2113810 0.2292198 0.2113810 0.1078132 0.2321572 0.2151892 0.2131895 0.2266200 0.0105003 0.0133803 0.2154897 0.0119566 0.0000000 0.2305383 0.2186322 0.2195909 0.2077671 0.2206383 0.0097978 0.0119352 0.2338308 0.2139231 
OQ957673.1left_bracketAVIright_bracket 6.0369074 0.0546060 0.0554283 0.0537602 0.0554517 0.0562791 0.0554283 0.0554545 0.0554517 0.0554314 0.0545802 0.0554283 0.0545802 0.0562556 0.0563398 0.0554517 0.0055233 0.0863030 0.0808991 0.0819072 0.0808656 0.0942995 0.0006827 0.2382286 0.2395569 0.0809371 0.0854579 0.2429132 0.0831061 0.0020566 0.2382286 0.0782007 0.0853509 0.0799664 0.0853051 0.0563318 0.2334102 0.0790738 0.0020544 0.0790738 0.1856295 0.0062277 0.0846421 0.0809991 0.0020545 0.2395733 0.2443133 0.0818394 0.2382286 0.2305383 0.0000000 0.0817197 0.0884183 0.0554828 0.0854579 0.2363306 0.2412292 0.0055298 0.0808656 
OQ965801.1left_bracketAVIright_bracket 6.1817918 0.0731760 0.0740495 0.0740835 0.0740835 0.0749634 0.0740495 0.0740875 0.0740835 0.0740538 0.0749593 0.0740495 0.0740791 0.0749292 0.0750498 0.0740835 0.0817424 0.0390937 0.0034375 0.0048286 0.0034366 0.0419958 0.0808239 0.2237988 0.2250944 0.0048250 0.0399358 0.2283268 0.0048453 0.0788948 0.2251098 0.0034386 0.0382953 0.0027460 0.0382785 0.0750396 0.2201408 0.0034366 0.0808191 0.0034366 0.1873837 0.0826908 0.0400905 0.0034407 0.0808239 0.2251098 0.2267487 0.0041311 0.2237988 0.2186322 0.0817197 0.0000000 0.0407757 0.0741285 0.0399358 0.2248765 0.2267090 0.0836811 0.0034366 
OQ965073.1left_bracketAVIright_bracket 6.2388606 0.0802938 0.0811833 0.0812215 0.0812215 0.0821180 0.0811833 0.0812260 0.0812215 0.0811881 0.0821134 0.0811833 0.0794339 0.0820795 0.0813214 0.0812215 0.0866121 0.0041350 0.0383414 0.0399572 0.0383285 0.0492604 0.0875043 0.2270331 0.2283358 0.0399254 0.0048358 0.2289587 0.0400960 0.0855232 0.2283514 0.0367911 0.0020584 0.0375461 0.0034395 0.0822038 0.2223983 0.0383285 0.0874991 0.0367676 0.1911722 0.0866654 0.0048546 0.0376007 0.0875043 0.2283514 0.2300037 0.0375461 0.2308464 0.2195909 0.0884183 0.0407757 0.0000000 0.0812723 0.0048358 0.2268154 0.2299631 0.0904341 0.0383285 
PP802115.1left_bracketAVIright_bracket 6.2463418 0.0076202 0.0083222 0.0083250 0.0083250 0.0090292 0.0083222 0.0083254 0.0097412 0.0083227 0.0090289 0.0083222 0.0097343 0.0090263 0.0090375 0.0083250 0.0571506 0.0792353 0.0713482 0.0705696 0.0713200 0.0850056 0.0546595 0.2136385 0.2149078 0.0731244 0.0784067 0.2180453 0.0734454 0.0529309 0.2123713 0.0687386 0.0783111 0.0704497 0.0782705 0.0006821 0.2104971 0.0713200 0.0546564 0.0695854 0.1821982 0.0563521 0.0805725 0.0714333 0.0530144 0.2149224 0.2193894 0.0722535 0.2172797 0.2077671 0.0554828 0.0741285 0.0812723 0.0000000 0.0784067 0.2118431 0.2164773 0.0572348 0.0713200 
OQ960017.1left_bracketAVIright_bracket 6.1209746 0.0774409 0.0783219 0.0783584 0.0783584 0.0792462 0.0783219 0.0783626 0.0783584 0.0783266 0.0792418 0.0783219 0.0765880 0.0792095 0.0784537 0.0783584 0.0836680 0.0034382 0.0375122 0.0391210 0.0374997 0.0500514 0.0845527 0.2280881 0.2293904 0.0390900 0.0013683 0.2300161 0.0392567 0.0825963 0.2294061 0.0359675 0.0027465 0.0367203 0.0027455 0.0793279 0.2234460 0.0374997 0.0845477 0.0359446 0.1894930 0.0837192 0.0041518 0.0367734 0.0845527 0.2294061 0.2310592 0.0367203 0.2319061 0.2206383 0.0854579 0.0399358 0.0048358 0.0784067 0.0000000 0.2278710 0.2310184 0.0874479 0.0374997 
OQ963753.1left_bracketAVIright_bracket 6.5200445 0.2184509 0.2197273 0.2198791 0.2198791 0.2183003 0.2171617 0.2198980 0.2227673 0.2197422 0.2211585 0.2184509 0.2185868 0.2197422 0.2202984 0.2198791 0.2364648 0.2259779 0.2224513 0.2242082 0.2223115 0.2273148 0.2350079 0.0027481 0.0034390 0.2252167 0.2278710 0.0048320 0.2238084 0.2317157 0.0034392 0.2197630 0.2245076 0.2210061 0.2243319 0.2132549 0.0083801 0.2197179 0.2349918 0.2197179 0.1116907 0.2341065 0.2222769 0.2215861 0.2323526 0.0034392 0.0062272 0.2239203 0.0048372 0.0097978 0.2363306 0.2248765 0.2268154 0.2118431 0.2278710 0.0000000 0.0048288 0.2396876 0.2223115 
OQ963169.1left_bracketAVIright_bracket 6.5315761 0.2231389 0.2244250 0.2245808 0.2245808 0.2229843 0.2218396 0.2246002 0.2274969 0.2244402 0.2258698 0.2231389 0.2232785 0.2244402 0.2250135 0.2245808 0.2413672 0.2291086 0.2242755 0.2260415 0.2241342 0.2262098 0.2398969 0.0020556 0.0027438 0.2270499 0.2310184 0.0041306 0.2256455 0.2365664 0.0027440 0.2215786 0.2276298 0.2228250 0.2274512 0.2179029 0.0105085 0.2215331 0.2398805 0.2215331 0.1094923 0.2428972 0.2253808 0.2234117 0.2372220 0.0027440 0.0041308 0.2257499 0.0027503 0.0119352 0.2412292 0.2267090 0.2299631 0.2164773 0.2310184 0.0048288 0.0000000 0.2446224 0.2241342 
PP802643.1left_bracketAVIright_bracket 6.0944773 0.0563504 0.0571780 0.0554982 0.0572024 0.0580352 0.0571780 0.0572053 0.0572024 0.0571813 0.0563236 0.0571780 0.0563236 0.0580108 0.0580983 0.0572024 0.0069289 0.0882972 0.0809754 0.0838745 0.0828224 0.0973337 0.0048332 0.2415994 0.2429359 0.0828962 0.0855399 0.2463229 0.0850875 0.0034398 0.2415994 0.0801396 0.0873375 0.0819169 0.0872903 0.0580901 0.2367233 0.0810184 0.0048329 0.0810184 0.1898535 0.0076391 0.0866290 0.0829602 0.0048332 0.2429525 0.2477302 0.0838047 0.2415994 0.2338308 0.0055298 0.0836811 0.0904341 0.0572348 0.0874479 0.2396876 0.2446224 0.0000000 0.0828224 
OQ965745.1left_bracketAVIright_bracket 6.1084829 0.0703799 0.0712449 0.0712772 0.0712772 0.0721485 0.0712449 0.0712810 0.0712772 0.0712491 0.0721446 0.0712449 0.0712730 0.0721160 0.0722308 0.0712772 0.0808880 0.0366690 0.0013677 0.0027445 0.0013673 0.0403082 0.0799711 0.2212399 0.2225299 0.0027425 0.0374997 0.2257406 0.0027540 0.0780464 0.2225451 0.0013681 0.0358790 0.0006823 0.0358635 0.0722209 0.2154132 0.0013673 0.0799664 0.0013673 0.1850190 0.0818345 0.0376447 0.0013690 0.0799711 0.2225451 0.2241733 0.0020546 0.2249832 0.2139231 0.0808656 0.0034366 0.0383285 0.0713200 0.0374997 0.2223115 0.2241342 0.0828224 0.0000000 
