69
NC_007362._     0.0000000 6.4059548 6.4059548 6.4276786 6.4130043 6.3781641 6.4037726 6.4130043 6.4059548 6.3821191 6.3781641 6.4276786 6.4285386 6.4347490 6.4059548 6.4059548 6.3904696 6.4285386 6.4285386 6.3781641 6.4794478 6.3781641 6.1778031 6.3367527 6.3210731 6.2708662 6.3197604 6.3417953 6.2243014 6.6419211 6.6419211 6.6419211 6.3189170 6.3395951 6.6359536 6.3549387 6.1949099 6.6653908 6.2913925 6.3437370 6.2975325 6.2939730 6.3916896 6.6154707 6.2762127 6.2667628 6.2975325 6.5099587 6.2788594 6.4238480 6.3481567 6.2243014 6.6419211 6.6507230 6.3437370 6.2975325 6.7442744 6.6503003 6.2023374 6.3520889 6.4110277 6.4195530 6.2885960 6.3916896 6.7032339 6.7152735 6.2975325 6.2619891 6.2762127 
PP753188.1_CAT_ 6.4059548 0.0000000 0.0000010 0.0006820 0.0006823 0.0006823 0.0013673 0.0006823 0.0006820 0.0006823 0.0020546 0.0006820 0.0006821 0.0013673 0.0006820 0.0006820 0.0020532 0.0013669 0.0013669 0.0006823 0.0013686 0.0006823 0.0563423 0.0784067 0.0705279 0.0697500 0.0704985 0.0841715 0.0538548 0.2213565 0.2213565 0.2226424 0.0723028 0.0775779 0.2258550 0.0726183 0.0521280 0.2200725 0.0679190 0.0774826 0.0696295 0.0756798 0.0069186 0.2180746 0.0704985 0.0538518 0.0687663 0.1841514 0.0555462 0.0797369 0.0706127 0.0522126 0.2226571 0.2272324 0.0774826 0.0714329 0.2251130 0.2153029 0.0546768 0.0733064 0.0804432 0.0076220 0.0775779 0.0069186 0.2195307 0.2242565 0.0696295 0.0564287 0.0704985 
PP755668.1_CAT_ 6.4059548 0.0000010 0.0000000 0.0006820 0.0006823 0.0006823 0.0013673 0.0006823 0.0006820 0.0006823 0.0020546 0.0006820 0.0006821 0.0013673 0.0006820 0.0006820 0.0020532 0.0013669 0.0013669 0.0006823 0.0013686 0.0006823 0.0563423 0.0784067 0.0705279 0.0697500 0.0704985 0.0841715 0.0538548 0.2213565 0.2213565 0.2226424 0.0723028 0.0775779 0.2258550 0.0726183 0.0521280 0.2200725 0.0679190 0.0774826 0.0696295 0.0756798 0.0069186 0.2180746 0.0704985 0.0538518 0.0687663 0.1841514 0.0555462 0.0797369 0.0706127 0.0522126 0.2226571 0.2272324 0.0774826 0.0714329 0.2251130 0.2153029 0.0546768 0.0733064 0.0804432 0.0076220 0.0775779 0.0069186 0.2195307 0.2242565 0.0696295 0.0564287 0.0704985 
PP753740.1_CAT_ 6.4276786 0.0006820 0.0006820 0.0000000 0.0013673 0.0013673 0.0006823 0.0013673 0.0013668 0.0013673 0.0027426 0.0000010 0.0013669 0.0006822 0.0013668 0.0013668 0.0027406 0.0020526 0.0020526 0.0013673 0.0006829 0.0013673 0.0571699 0.0792908 0.0713952 0.0706168 0.0713654 0.0850813 0.0546768 0.2226424 0.2226424 0.2239302 0.0731744 0.0784609 0.2271514 0.0734939 0.0529458 0.2213565 0.0687804 0.0783643 0.0704945 0.0765572 0.0076190 0.2193449 0.0713654 0.0546737 0.0696295 0.1829309 0.0563725 0.0806283 0.0714814 0.0530308 0.2239450 0.2285307 0.0783643 0.0723028 0.2264119 0.2165679 0.0555005 0.0741819 0.0813348 0.0083243 0.0784609 0.0076190 0.2208129 0.2255483 0.0704945 0.0572578 0.0713654 
PP752820.1_CAT_ 6.4130043 0.0006823 0.0006823 0.0013673 0.0000000 0.0013677 0.0020540 0.0000010 0.0013673 0.0013678 0.0013677 0.0013673 0.0013673 0.0006820 0.0013673 0.0013673 0.0013668 0.0020533 0.0020533 0.0013677 0.0020558 0.0013677 0.0554891 0.0793296 0.0714292 0.0706503 0.0713993 0.0851243 0.0530079 0.2228043 0.2228043 0.2240932 0.0732094 0.0784992 0.2273174 0.0735293 0.0512883 0.2215174 0.0688128 0.0784024 0.0705279 0.0765942 0.0076217 0.2195028 0.0713993 0.0530049 0.0696623 0.1828019 0.0546948 0.0806681 0.0715154 0.0513712 0.2241080 0.2286978 0.0784024 0.0723373 0.2265778 0.2167235 0.0538285 0.0742176 0.0813750 0.0083272 0.0784992 0.0076217 0.2209732 0.2257128 0.0705279 0.0555739 0.0713993 
PP755964.1_CAT_ 6.3781641 0.0006823 0.0006823 0.0013673 0.0013677 0.0000000 0.0020540 0.0013677 0.0013673 0.0013678 0.0027435 0.0013673 0.0013673 0.0020539 0.0013673 0.0013673 0.0027416 0.0020533 0.0020533 0.0000010 0.0020558 0.0013677 0.0571954 0.0793296 0.0714292 0.0706503 0.0713993 0.0851243 0.0547009 0.2228043 0.2228043 0.2240932 0.0732094 0.0784992 0.2273174 0.0735293 0.0529689 0.2215174 0.0688128 0.0784024 0.0705279 0.0765942 0.0076217 0.2195028 0.0713993 0.0546978 0.0696623 0.1854909 0.0563976 0.0806681 0.0715154 0.0530541 0.2241080 0.2286978 0.0784024 0.0723373 0.2265778 0.2167235 0.0555250 0.0742176 0.0813750 0.0083272 0.0784992 0.0076217 0.2209732 0.2257128 0.0705279 0.0572834 0.0713993 
PP755684.1_CAT_ 6.4037726 0.0013673 0.0013673 0.0006823 0.0020540 0.0020540 0.0000000 0.0020540 0.0020533 0.0020540 0.0034334 0.0006823 0.0020534 0.0013677 0.0020533 0.0020533 0.0034309 0.0027409 0.0027409 0.0020540 0.0013690 0.0020540 0.0580282 0.0802205 0.0723028 0.0715233 0.0722724 0.0860414 0.0555278 0.2211958 0.2211958 0.2224807 0.0740874 0.0793889 0.2256902 0.0744113 0.0537906 0.2199129 0.0696803 0.0792908 0.0713990 0.0774781 0.0083243 0.2179180 0.0722724 0.0555247 0.0705316 0.1815989 0.0572291 0.0815664 0.0723903 0.0538772 0.2224954 0.2270665 0.0792908 0.0732133 0.2249484 0.2151487 0.0563538 0.0750995 0.0822735 0.0090316 0.0793889 0.0083243 0.2193717 0.2240932 0.0713990 0.0581177 0.0722724 
PP753460.1_CAT_ 6.4130043 0.0006823 0.0006823 0.0013673 0.0000010 0.0013677 0.0020540 0.0000000 0.0013673 0.0013678 0.0013677 0.0013673 0.0013673 0.0006820 0.0013673 0.0013673 0.0013668 0.0020533 0.0020533 0.0013677 0.0020558 0.0013677 0.0554891 0.0793296 0.0714292 0.0706503 0.0713993 0.0851243 0.0530079 0.2228043 0.2228043 0.2240932 0.0732094 0.0784992 0.2273174 0.0735293 0.0512883 0.2215174 0.0688128 0.0784024 0.0705279 0.0765942 0.0076217 0.2195028 0.0713993 0.0530049 0.0696623 0.1828019 0.0546948 0.0806681 0.0715154 0.0513712 0.2241080 0.2286978 0.0784024 0.0723373 0.2265778 0.2167235 0.0538285 0.0742176 0.0813750 0.0083272 0.0784992 0.0076217 0.2209732 0.2257128 0.0705279 0.0555739 0.0713993 
PP753116.1_CAT_ 6.4059548 0.0006820 0.0006820 0.0013668 0.0013673 0.0013673 0.0020533 0.0013673 0.0000000 0.0013673 0.0027426 0.0013668 0.0013669 0.0020532 0.0013668 0.0013668 0.0027406 0.0020526 0.0020526 0.0013673 0.0020551 0.0013673 0.0571699 0.0792908 0.0713952 0.0706168 0.0713654 0.0850813 0.0546768 0.2200580 0.2200580 0.2213419 0.0731744 0.0784609 0.2245456 0.0734939 0.0529458 0.2187760 0.0687804 0.0783643 0.0704945 0.0765572 0.0076190 0.2167920 0.0713654 0.0546737 0.0696295 0.1853620 0.0563725 0.0806283 0.0714814 0.0530308 0.2213565 0.2259212 0.0783643 0.0723028 0.2238013 0.2140257 0.0555005 0.0741819 0.0813348 0.0083243 0.0784609 0.0076190 0.2182361 0.2229518 0.0704945 0.0572578 0.0713654 
PP753132.1_CAT_ 6.3821191 0.0006823 0.0006823 0.0013673 0.0013678 0.0013678 0.0020540 0.0013678 0.0013673 0.0000000 0.0027436 0.0013673 0.0013674 0.0020540 0.0013673 0.0013673 0.0027417 0.0020534 0.0020534 0.0013678 0.0020559 0.0013678 0.0571982 0.0793339 0.0714329 0.0706541 0.0714031 0.0851291 0.0547036 0.2228234 0.2228234 0.2241125 0.0732133 0.0785034 0.2273371 0.0735332 0.0529715 0.2215363 0.0688164 0.0784067 0.0705316 0.0765983 0.0076220 0.2195213 0.0714031 0.0547006 0.0696660 0.1855056 0.0564004 0.0806725 0.0715192 0.0530567 0.2241273 0.2287177 0.0784067 0.0723411 0.2265975 0.2167417 0.0555278 0.0742216 0.0813794 0.0083275 0.0785034 0.0076220 0.2209920 0.2257323 0.0705316 0.0572863 0.0714031 
PP753620.1_CAT_ 6.3781641 0.0020546 0.0020546 0.0027426 0.0013677 0.0027435 0.0034334 0.0013677 0.0027426 0.0027436 0.0000000 0.0027426 0.0027427 0.0020539 0.0027426 0.0027426 0.0027416 0.0034323 0.0034323 0.0027435 0.0034365 0.0027435 0.0571954 0.0793296 0.0714292 0.0706503 0.0713993 0.0851243 0.0547009 0.2257323 0.2257323 0.2270273 0.0732094 0.0784992 0.2302753 0.0735293 0.0529689 0.2244392 0.0688128 0.0784024 0.0705279 0.0765942 0.0090344 0.2223907 0.0713993 0.0546978 0.0696623 0.1854909 0.0563976 0.0806681 0.0715154 0.0530541 0.2270422 0.2286978 0.0784024 0.0723373 0.2295404 0.2195958 0.0555250 0.0742176 0.0813750 0.0097442 0.0784992 0.0090344 0.2238901 0.2286581 0.0705279 0.0572834 0.0713993 
PP753652.1_CAT_ 6.4276786 0.0006820 0.0006820 0.0000010 0.0013673 0.0013673 0.0006823 0.0013673 0.0013668 0.0013673 0.0027426 0.0000000 0.0013669 0.0006822 0.0013668 0.0013668 0.0027406 0.0020526 0.0020526 0.0013673 0.0006829 0.0013673 0.0571699 0.0792908 0.0713952 0.0706168 0.0713654 0.0850813 0.0546768 0.2226424 0.2226424 0.2239302 0.0731744 0.0784609 0.2271514 0.0734939 0.0529458 0.2213565 0.0687804 0.0783643 0.0704945 0.0765572 0.0076190 0.2193449 0.0713654 0.0546737 0.0696295 0.1829309 0.0563725 0.0806283 0.0714814 0.0530308 0.2239450 0.2285307 0.0783643 0.0723028 0.2264119 0.2165679 0.0555005 0.0741819 0.0813348 0.0083243 0.0784609 0.0076190 0.2208129 0.2255483 0.0704945 0.0572578 0.0713654 
PP752788.1_CAT_ 6.4285386 0.0006821 0.0006821 0.0013669 0.0013673 0.0013673 0.0020534 0.0013673 0.0013669 0.0013674 0.0027427 0.0013669 0.0000000 0.0020533 0.0013669 0.0013669 0.0027408 0.0020527 0.0020527 0.0013673 0.0020552 0.0013673 0.0571731 0.0792954 0.0713993 0.0706208 0.0713695 0.0850863 0.0546798 0.2226571 0.2226571 0.2239450 0.0731786 0.0784654 0.2271664 0.0734982 0.0529487 0.2213711 0.0687843 0.0783688 0.0704985 0.0765616 0.0076194 0.2193592 0.0713695 0.0546768 0.0696335 0.1853742 0.0563757 0.0806330 0.0714855 0.0530338 0.2239598 0.2285457 0.0783688 0.0723069 0.2264269 0.2165821 0.0555036 0.0741862 0.0813395 0.0083247 0.0784654 0.0076194 0.2208274 0.2255632 0.0704985 0.0572610 0.0713695 
PP755972.1_CAT_ 6.4347490 0.0013673 0.0013673 0.0006822 0.0006820 0.0020539 0.0013677 0.0006820 0.0020532 0.0020540 0.0020539 0.0006822 0.0020533 0.0000000 0.0020532 0.0020532 0.0020524 0.0027408 0.0027408 0.0020539 0.0013689 0.0020539 0.0563144 0.0802161 0.0722989 0.0715195 0.0722686 0.0860366 0.0538285 0.2240932 0.2240932 0.2253840 0.0740835 0.0793846 0.2286168 0.0744073 0.0521037 0.2228043 0.0696766 0.0792865 0.0713952 0.0774739 0.0083239 0.2207760 0.0722686 0.0538255 0.0705279 0.1815847 0.0555188 0.0815619 0.0723864 0.0521872 0.2253989 0.2299990 0.0792865 0.0732094 0.2278797 0.2179915 0.0546499 0.0750954 0.0822690 0.0090313 0.0793846 0.0083239 0.2222583 0.2270076 0.0713952 0.0564008 0.0722686 
PP799578.1_CAT_ 6.4059548 0.0006820 0.0006820 0.0013668 0.0013673 0.0013673 0.0020533 0.0013673 0.0013668 0.0013673 0.0027426 0.0013668 0.0013669 0.0020532 0.0000000 0.0000010 0.0027406 0.0006820 0.0006820 0.0013673 0.0020551 0.0013673 0.0571699 0.0792908 0.0713952 0.0706168 0.0713654 0.0850813 0.0546768 0.2213565 0.2213565 0.2226424 0.0731744 0.0784609 0.2258550 0.0734939 0.0529458 0.2200725 0.0687804 0.0783643 0.0704945 0.0765572 0.0076190 0.2180746 0.0713654 0.0546737 0.0696295 0.1841514 0.0563725 0.0806283 0.0714814 0.0530308 0.2226571 0.2272324 0.0783643 0.0723028 0.2251130 0.2153029 0.0555005 0.0741819 0.0813348 0.0083243 0.0784609 0.0076190 0.2195307 0.2242565 0.0704945 0.0572578 0.0713654 
PP799294.1_CAT_ 6.4059548 0.0006820 0.0006820 0.0013668 0.0013673 0.0013673 0.0020533 0.0013673 0.0013668 0.0013673 0.0027426 0.0013668 0.0013669 0.0020532 0.0000010 0.0000000 0.0027406 0.0006820 0.0006820 0.0013673 0.0020551 0.0013673 0.0571699 0.0792908 0.0713952 0.0706168 0.0713654 0.0850813 0.0546768 0.2213565 0.2213565 0.2226424 0.0731744 0.0784609 0.2258550 0.0734939 0.0529458 0.2200725 0.0687804 0.0783643 0.0704945 0.0765572 0.0076190 0.2180746 0.0713654 0.0546737 0.0696295 0.1841514 0.0563725 0.0806283 0.0714814 0.0530308 0.2226571 0.2272324 0.0783643 0.0723028 0.2251130 0.2153029 0.0555005 0.0741819 0.0813348 0.0083243 0.0784609 0.0076190 0.2195307 0.2242565 0.0704945 0.0572578 0.0713654 
PP753724.1_CAT_ 6.3904696 0.0020532 0.0020532 0.0027406 0.0013668 0.0027416 0.0034309 0.0013668 0.0027406 0.0027417 0.0027416 0.0027406 0.0027408 0.0020524 0.0027406 0.0027406 0.0000000 0.0034298 0.0034298 0.0027416 0.0034340 0.0027416 0.0563144 0.0775531 0.0714251 0.0723906 0.0713952 0.0851193 0.0538285 0.2215027 0.2215027 0.2227896 0.0732052 0.0767251 0.2260050 0.0735250 0.0521037 0.2228043 0.0688089 0.0766310 0.0705238 0.0748316 0.0090277 0.2182171 0.0713952 0.0538255 0.0696584 0.1803697 0.0555188 0.0788770 0.0715113 0.0521872 0.2228043 0.2273835 0.0766310 0.0723331 0.2252630 0.2154432 0.0546499 0.0742133 0.0795834 0.0097369 0.0767251 0.0090277 0.2196755 0.2244051 0.0705238 0.0564008 0.0713952 
PP799270.1_CAT_ 6.4285386 0.0013669 0.0013669 0.0020526 0.0020533 0.0020533 0.0027409 0.0020533 0.0020526 0.0020534 0.0034323 0.0020526 0.0020527 0.0027408 0.0006820 0.0006820 0.0034298 0.0000000 0.0000010 0.0020533 0.0027434 0.0020533 0.0580026 0.0801815 0.0722686 0.0714896 0.0722383 0.0850813 0.0555036 0.2226571 0.2226571 0.2239450 0.0740522 0.0793504 0.2271664 0.0743757 0.0537673 0.2213711 0.0696477 0.0792524 0.0713654 0.0774408 0.0083214 0.2193592 0.0722383 0.0555005 0.0704985 0.1829429 0.0572039 0.0806283 0.0723560 0.0538548 0.2239598 0.2285457 0.0792524 0.0731786 0.2264269 0.2165821 0.0563291 0.0750635 0.0822330 0.0090286 0.0793504 0.0083214 0.2208274 0.2255632 0.0713654 0.0580920 0.0722383 
PP799570.1_CAT_ 6.4285386 0.0013669 0.0013669 0.0020526 0.0020533 0.0020533 0.0027409 0.0020533 0.0020526 0.0020534 0.0034323 0.0020526 0.0020527 0.0027408 0.0006820 0.0006820 0.0034298 0.0000010 0.0000000 0.0020533 0.0027434 0.0020533 0.0580026 0.0801815 0.0722686 0.0714896 0.0722383 0.0850813 0.0555036 0.2226571 0.2226571 0.2239450 0.0740522 0.0793504 0.2271664 0.0743757 0.0537673 0.2213711 0.0696477 0.0792524 0.0713654 0.0774408 0.0083214 0.2193592 0.0722383 0.0555005 0.0704985 0.1829429 0.0572039 0.0806283 0.0723560 0.0538548 0.2239598 0.2285457 0.0792524 0.0731786 0.2264269 0.2165821 0.0563291 0.0750635 0.0822330 0.0090286 0.0793504 0.0083214 0.2208274 0.2255632 0.0713654 0.0580920 0.0722383 
PP753612.1_CAT_ 6.3781641 0.0006823 0.0006823 0.0013673 0.0013677 0.0000010 0.0020540 0.0013677 0.0013673 0.0013678 0.0027435 0.0013673 0.0013673 0.0020539 0.0013673 0.0013673 0.0027416 0.0020533 0.0020533 0.0000000 0.0020558 0.0013677 0.0571954 0.0793296 0.0714292 0.0706503 0.0713993 0.0851243 0.0547009 0.2228043 0.2228043 0.2240932 0.0732094 0.0784992 0.2273174 0.0735293 0.0529689 0.2215174 0.0688128 0.0784024 0.0705279 0.0765942 0.0076217 0.2195028 0.0713993 0.0546978 0.0696623 0.1854909 0.0563976 0.0806681 0.0715154 0.0530541 0.2241080 0.2286978 0.0784024 0.0723373 0.2265778 0.2167235 0.0555250 0.0742176 0.0813750 0.0083272 0.0784992 0.0076217 0.2209732 0.2257128 0.0705279 0.0572834 0.0713993 
PP753644.1_CAT_ 6.4794478 0.0013686 0.0013686 0.0006829 0.0020558 0.0020558 0.0013690 0.0020558 0.0020551 0.0020559 0.0034365 0.0006829 0.0020552 0.0013689 0.0020551 0.0020551 0.0034340 0.0027434 0.0027434 0.0020558 0.0000000 0.0020558 0.0580919 0.0794275 0.0723864 0.0716060 0.0723560 0.0861465 0.0555884 0.2232384 0.2232384 0.2245308 0.0741736 0.0785959 0.2277651 0.0744983 0.0538488 0.2219479 0.0697603 0.0784989 0.0714814 0.0766879 0.0083320 0.2199243 0.0723560 0.0555853 0.0706127 0.1833842 0.0572919 0.0807686 0.0705087 0.0539358 0.2245456 0.2291492 0.0784989 0.0732983 0.2270247 0.2171373 0.0564154 0.0751873 0.0814763 0.0090400 0.0785959 0.0083320 0.2214019 0.2261553 0.0714814 0.0581817 0.0723560 
PP753516.1_CAT_ 6.3781641 0.0006823 0.0006823 0.0013673 0.0013677 0.0013677 0.0020540 0.0013677 0.0013673 0.0013678 0.0027435 0.0013673 0.0013673 0.0020539 0.0013673 0.0013673 0.0027416 0.0020533 0.0020533 0.0013677 0.0020558 0.0000000 0.0571954 0.0793296 0.0714292 0.0706503 0.0713993 0.0851243 0.0547009 0.2228043 0.2228043 0.2240932 0.0732094 0.0784992 0.2273174 0.0735293 0.0529689 0.2215174 0.0688128 0.0784024 0.0705279 0.0765942 0.0076217 0.2195028 0.0713993 0.0546978 0.0696623 0.1854909 0.0563976 0.0806681 0.0715154 0.0530541 0.2241080 0.2286978 0.0784024 0.0723373 0.2265778 0.2167235 0.0555250 0.0742176 0.0813750 0.0083272 0.0784992 0.0076217 0.2209732 0.2257128 0.0705279 0.0572834 0.0713993 
PP801926.1_AVI_ 6.1778031 0.0563423 0.0563423 0.0571699 0.0554891 0.0571954 0.0580282 0.0554891 0.0571699 0.0571982 0.0571954 0.0571699 0.0571731 0.0563144 0.0571699 0.0571699 0.0563144 0.0580026 0.0580026 0.0571954 0.0580919 0.0571954 0.0000000 0.0846809 0.0810797 0.0820917 0.0810442 0.0936070 0.0048282 0.2396470 0.2396470 0.2409823 0.0792427 0.0838350 0.2443740 0.0832938 0.0034362 0.2396470 0.0783698 0.0837291 0.0801424 0.0836826 0.0580833 0.2347507 0.0792473 0.0048280 0.0792473 0.1890396 0.0062298 0.0830190 0.0811813 0.0048282 0.2409984 0.2457997 0.0837291 0.0820246 0.2396470 0.2318630 0.0055241 0.0819018 0.0867933 0.0572269 0.0838350 0.0580833 0.2377375 0.2426813 0.0801424 0.0069305 0.0810442 
OQ967561.1_AVI_ 6.3367527 0.0784067 0.0784067 0.0792908 0.0793296 0.0793296 0.0802205 0.0793296 0.0792908 0.0793339 0.0793296 0.0792908 0.0792954 0.0802161 0.0792908 0.0792908 0.0775531 0.0801815 0.0801815 0.0793296 0.0794275 0.0793296 0.0846809 0.0000000 0.0367115 0.0383152 0.0366986 0.0492139 0.0855669 0.2273566 0.2273566 0.2286585 0.0382853 0.0034388 0.2292943 0.0384470 0.0835985 0.2286736 0.0351702 0.0020552 0.0359214 0.0020544 0.0803042 0.2226854 0.0366986 0.0855619 0.0351479 0.1886439 0.0847352 0.0034519 0.0359743 0.0855669 0.2286736 0.2303402 0.0020552 0.0359214 0.2311944 0.2198802 0.0864754 0.0391286 0.0041358 0.0793775 0.0034388 0.0803042 0.2271538 0.2303000 0.0359214 0.0884830 0.0366986 
OQ965457.1_AVI_ 6.3210731 0.0705279 0.0705279 0.0713952 0.0714292 0.0714292 0.0723028 0.0714292 0.0713952 0.0714329 0.0714292 0.0713952 0.0713993 0.0722989 0.0713952 0.0713952 0.0714251 0.0722686 0.0722686 0.0714292 0.0723864 0.0714292 0.0810797 0.0367115 0.0000000 0.0027455 0.0013678 0.0403618 0.0801586 0.2225264 0.2225264 0.2238233 0.0027436 0.0359583 0.2270671 0.0027549 0.0782254 0.2238382 0.0013686 0.0359197 0.0006825 0.0359036 0.0723760 0.2166221 0.0013678 0.0801540 0.0013678 0.1859614 0.0820315 0.0376879 0.0013695 0.0801586 0.2238382 0.2254919 0.0359197 0.0020554 0.2263221 0.2151230 0.0810558 0.0034380 0.0383756 0.0714711 0.0375446 0.0723760 0.2236188 0.2254527 0.0006825 0.0811361 0.0013678 
OQ962777.1_AVI_ 6.2708662 0.0697500 0.0697500 0.0706168 0.0706503 0.0706503 0.0715233 0.0706503 0.0706168 0.0706541 0.0706503 0.0706168 0.0706208 0.0715195 0.0706168 0.0706168 0.0723906 0.0714896 0.0714896 0.0706503 0.0716060 0.0706503 0.0820917 0.0383152 0.0027455 0.0000000 0.0027448 0.0420075 0.0811668 0.2242929 0.2242929 0.2255955 0.0041291 0.0391556 0.2288588 0.0041463 0.0792243 0.2229922 0.0027463 0.0375181 0.0020562 0.0375011 0.0715957 0.2183478 0.0027448 0.0811621 0.0027448 0.1875444 0.0830478 0.0393052 0.0027481 0.0811668 0.2256105 0.2272740 0.0375181 0.0034371 0.2281155 0.2168409 0.0820674 0.0048294 0.0399938 0.0706917 0.0391556 0.0715957 0.2253911 0.2272343 0.0020562 0.0840474 0.0027448 
OQ959337.1_AVI_ 6.3197604 0.0704985 0.0704985 0.0713654 0.0713993 0.0713993 0.0722724 0.0713993 0.0713654 0.0714031 0.0713993 0.0713654 0.0713695 0.0722686 0.0713654 0.0713654 0.0713952 0.0722383 0.0722383 0.0713993 0.0723560 0.0713993 0.0810442 0.0366986 0.0013678 0.0027448 0.0000000 0.0403472 0.0801237 0.2223784 0.2223784 0.2236743 0.0027428 0.0375314 0.2269152 0.0027542 0.0781915 0.2236892 0.0013682 0.0359072 0.0006823 0.0358910 0.0723456 0.2164798 0.0013674 0.0801190 0.0013674 0.1858437 0.0819955 0.0376745 0.0013691 0.0801237 0.2236892 0.2253414 0.0359072 0.0020548 0.2261703 0.2149820 0.0810203 0.0034370 0.0383620 0.0714412 0.0375314 0.0723456 0.2234699 0.2253023 0.0006823 0.0829894 0.0013674 
PP755556.1_AVI_ 6.3417953 0.0841715 0.0841715 0.0850813 0.0851243 0.0851243 0.0860414 0.0851243 0.0850813 0.0851291 0.0851243 0.0850813 0.0850863 0.0860366 0.0850813 0.0850813 0.0851193 0.0850813 0.0850813 0.0851243 0.0861465 0.0851243 0.0936070 0.0492139 0.0403618 0.0420075 0.0403472 0.0000000 0.0935763 0.2273902 0.2273902 0.2286992 0.0419740 0.0501076 0.2319877 0.0421537 0.0924624 0.2287144 0.0387843 0.0467147 0.0395517 0.0483541 0.0861345 0.2226933 0.0403472 0.0935708 0.0387603 0.1867045 0.0946109 0.0485193 0.0404060 0.0935763 0.2287144 0.2303904 0.0467147 0.0411764 0.2299138 0.2198730 0.0945170 0.0420400 0.0493148 0.0851777 0.0501076 0.0861345 0.2284958 0.2273704 0.0395517 0.0975696 0.0403472 
OQ957665.1_AVI_ 6.2243014 0.0538548 0.0538548 0.0546768 0.0530079 0.0547009 0.0555278 0.0530079 0.0546768 0.0547036 0.0547009 0.0546768 0.0546798 0.0538285 0.0546768 0.0546768 0.0538285 0.0555036 0.0555036 0.0547009 0.0555884 0.0547009 0.0048282 0.0855669 0.0801586 0.0811668 0.0801237 0.0935763 0.0000000 0.2381696 0.2381696 0.2395020 0.0801981 0.0847202 0.2428818 0.0823630 0.0013697 0.2381696 0.0774562 0.0846130 0.0792243 0.0845658 0.0555801 0.2332966 0.0783315 0.0013682 0.0783315 0.1876992 0.0055307 0.0839039 0.0802588 0.0013683 0.2395180 0.2443049 0.0846130 0.0811005 0.2381696 0.2304166 0.0006828 0.0809796 0.0876860 0.0547308 0.0847202 0.0555801 0.2362652 0.2411955 0.0792243 0.0048342 0.0801237 
OQ966193.1_AVI_ 6.6419211 0.2213565 0.2213565 0.2226424 0.2228043 0.2228043 0.2211958 0.2228043 0.2200580 0.2228234 0.2257323 0.2226424 0.2226571 0.2240932 0.2213565 0.2213565 0.2215027 0.2226571 0.2226571 0.2228043 0.2232384 0.2228043 0.2396470 0.2273566 0.2225264 0.2242929 0.2223784 0.2273902 0.2381696 0.0000000 0.0000010 0.0006826 0.2253069 0.2292743 0.0020571 0.2238983 0.2348310 0.0006827 0.2198157 0.2258719 0.2210697 0.2256873 0.2161050 0.0083740 0.2197778 0.2381537 0.2197778 0.1097364 0.2411851 0.2236218 0.2216640 0.2354948 0.0006827 0.0034367 0.2258719 0.2240068 0.0020593 0.0097910 0.2395020 0.2249721 0.2282138 0.2146737 0.2292743 0.2161050 0.0027485 0.0020557 0.2210697 0.2429239 0.2223784 
OQ966209.1_AVI_ 6.6419211 0.2213565 0.2213565 0.2226424 0.2228043 0.2228043 0.2211958 0.2228043 0.2200580 0.2228234 0.2257323 0.2226424 0.2226571 0.2240932 0.2213565 0.2213565 0.2215027 0.2226571 0.2226571 0.2228043 0.2232384 0.2228043 0.2396470 0.2273566 0.2225264 0.2242929 0.2223784 0.2273902 0.2381696 0.0000010 0.0000000 0.0006826 0.2253069 0.2292743 0.0020571 0.2238983 0.2348310 0.0006827 0.2198157 0.2258719 0.2210697 0.2256873 0.2161050 0.0083740 0.2197778 0.2381537 0.2197778 0.1097364 0.2411851 0.2236218 0.2216640 0.2354948 0.0006827 0.0034367 0.2258719 0.2240068 0.0020593 0.0097910 0.2395020 0.2249721 0.2282138 0.2146737 0.2292743 0.2161050 0.0027485 0.0020557 0.2210697 0.2429239 0.2223784 
OQ959233.1_AVI_ 6.6419211 0.2226424 0.2226424 0.2239302 0.2240932 0.2240932 0.2224807 0.2240932 0.2213419 0.2241125 0.2270273 0.2239302 0.2239450 0.2253840 0.2226424 0.2226424 0.2227896 0.2239450 0.2239450 0.2240932 0.2245308 0.2240932 0.2409823 0.2286585 0.2238233 0.2255955 0.2236743 0.2286992 0.2395020 0.0006826 0.0006826 0.0000000 0.2266090 0.2305826 0.0027459 0.2252040 0.2361546 0.0013680 0.2211079 0.2271705 0.2223636 0.2269847 0.2173830 0.0090821 0.2210697 0.2394861 0.2210697 0.1107002 0.2425234 0.2249134 0.2229625 0.2368233 0.0013680 0.0041286 0.2271705 0.2253069 0.0027488 0.0105023 0.2408363 0.2262738 0.2295226 0.2159487 0.2305826 0.2173830 0.0034395 0.0027441 0.2223636 0.2442665 0.2236743 
OQ965401.1_AVI_ 6.3189170 0.0723028 0.0723028 0.0731744 0.0732094 0.0732094 0.0740874 0.0732094 0.0731744 0.0732133 0.0732094 0.0731744 0.0731786 0.0740835 0.0731744 0.0731744 0.0732052 0.0740522 0.0740522 0.0732094 0.0741736 0.0732094 0.0792427 0.0382853 0.0027436 0.0041291 0.0027428 0.0419740 0.0801981 0.2253069 0.2253069 0.2266090 0.0000000 0.0391249 0.2298739 0.0041432 0.0782635 0.2266240 0.0027444 0.0374888 0.0020547 0.0374718 0.0741631 0.2193555 0.0027428 0.0801934 0.0027428 0.1885508 0.0820722 0.0392743 0.0027462 0.0801981 0.2266240 0.2282882 0.0374888 0.0034346 0.2291337 0.2178482 0.0810958 0.0048259 0.0399623 0.0732527 0.0391249 0.0741631 0.2264053 0.2282484 0.0020547 0.0830675 0.0027428 
OQ960153.1_AVI_ 6.3395951 0.0775779 0.0775779 0.0784609 0.0784992 0.0784992 0.0793889 0.0784992 0.0784609 0.0785034 0.0784992 0.0784609 0.0784654 0.0793846 0.0784609 0.0784609 0.0767251 0.0793504 0.0793504 0.0784992 0.0785959 0.0784992 0.0838350 0.0034388 0.0359583 0.0391556 0.0375314 0.0501076 0.0847202 0.2292743 0.2292743 0.2305826 0.0391249 0.0000000 0.2312273 0.0392905 0.0827559 0.2305979 0.0359974 0.0027469 0.0367511 0.0027459 0.0794715 0.2245636 0.0375314 0.0847152 0.0359746 0.1930967 0.0838888 0.0041524 0.0368054 0.0847202 0.2305979 0.2322756 0.0027469 0.0367511 0.2331424 0.2217429 0.0856276 0.0399729 0.0048369 0.0785465 0.0013684 0.0794715 0.2290716 0.2322348 0.0367511 0.0857138 0.0375314 
OQ961721.1_AVI_ 6.6359536 0.2258550 0.2258550 0.2271514 0.2273174 0.2273174 0.2256902 0.2273174 0.2245456 0.2273371 0.2302753 0.2271514 0.2271664 0.2286168 0.2258550 0.2258550 0.2260050 0.2271664 0.2271664 0.2273174 0.2277651 0.2273174 0.2443740 0.2292943 0.2270671 0.2288588 0.2269152 0.2319877 0.2428818 0.0020571 0.0020571 0.0027459 0.2298739 0.2312273 0.0000000 0.2284737 0.2395020 0.0027460 0.2243318 0.2278005 0.2255955 0.2276136 0.2205605 0.0105181 0.2242929 0.2428656 0.2242929 0.1128633 0.2459275 0.2255334 0.2262077 0.2401851 0.0027460 0.0055249 0.2278005 0.2285630 0.0041382 0.0119467 0.2442250 0.2295369 0.2301644 0.2191145 0.2312273 0.2205605 0.0048328 0.0041311 0.2255955 0.2476857 0.2269152 
OQ961329.1_AVI_ 6.3549387 0.0726183 0.0726183 0.0734939 0.0735293 0.0735293 0.0744113 0.0735293 0.0734939 0.0735332 0.0735293 0.0734939 0.0734982 0.0744073 0.0734939 0.0734939 0.0735250 0.0743757 0.0743757 0.0735293 0.0744983 0.0735293 0.0832938 0.0384470 0.0027549 0.0041463 0.0027542 0.0421537 0.0823630 0.2238983 0.2238983 0.2252040 0.0041432 0.0392905 0.2284737 0.0000000 0.0804069 0.2252190 0.0027558 0.0376471 0.0020632 0.0376299 0.0744876 0.2179430 0.0027542 0.0823582 0.0027542 0.1895426 0.0842562 0.0394410 0.0027576 0.0823630 0.2252190 0.2268858 0.0376471 0.0034488 0.2277276 0.2164329 0.0832687 0.0048459 0.0401317 0.0735730 0.0392905 0.0744876 0.2249989 0.2268461 0.0020632 0.0852630 0.0027542 
OQ957681.1_AVI_ 6.1949099 0.0521280 0.0521280 0.0529458 0.0512883 0.0529689 0.0537906 0.0512883 0.0529458 0.0529715 0.0529689 0.0529458 0.0529487 0.0521037 0.0529458 0.0529458 0.0521037 0.0537673 0.0537673 0.0529689 0.0538488 0.0529689 0.0034362 0.0835985 0.0782254 0.0792243 0.0781915 0.0924624 0.0013697 0.2348310 0.2348310 0.2361546 0.0782635 0.0827559 0.2395020 0.0804069 0.0000000 0.2348310 0.0755412 0.0826520 0.0772981 0.0826063 0.0538408 0.2300183 0.0764111 0.0013696 0.0764111 0.1847415 0.0041329 0.0819426 0.0783224 0.0013697 0.2361703 0.2409167 0.0826520 0.0791600 0.2348310 0.2271600 0.0020568 0.0790430 0.0856967 0.0529966 0.0827559 0.0538408 0.2329415 0.2378329 0.0772981 0.0034404 0.0781915 
OQ962753.1_AVI_ 6.6653908 0.2200725 0.2200725 0.2213565 0.2215174 0.2215174 0.2199129 0.2215174 0.2187760 0.2215363 0.2244392 0.2213565 0.2213711 0.2228043 0.2200725 0.2200725 0.2228043 0.2213711 0.2213711 0.2215174 0.2219479 0.2215174 0.2396470 0.2286736 0.2238382 0.2229922 0.2236892 0.2287144 0.2381696 0.0006827 0.0006827 0.0013680 0.2266240 0.2305979 0.0027460 0.2252190 0.2348310 0.0000000 0.2211226 0.2271856 0.2223784 0.2269997 0.2148290 0.0090826 0.2210844 0.2381537 0.2210844 0.1107068 0.2411851 0.2249282 0.2229773 0.2354948 0.0013681 0.0041288 0.2271856 0.2253219 0.0027489 0.0105028 0.2395020 0.2262889 0.2295379 0.2134008 0.2305979 0.2148290 0.0034396 0.0027442 0.2223784 0.2429239 0.2236892 
OQ966473.1_AVI_ 6.2913925 0.0679190 0.0679190 0.0687804 0.0688128 0.0688128 0.0696803 0.0688128 0.0687804 0.0688164 0.0688128 0.0687804 0.0687843 0.0696766 0.0687804 0.0687804 0.0688089 0.0696477 0.0696477 0.0688128 0.0697603 0.0688128 0.0783698 0.0351702 0.0013686 0.0027463 0.0013682 0.0387843 0.0774562 0.2198157 0.2198157 0.2211079 0.0027444 0.0359974 0.2243318 0.0027558 0.0755412 0.2211226 0.0000000 0.0343824 0.0006827 0.0343671 0.0697502 0.2139563 0.0013682 0.0774517 0.0013682 0.1834317 0.0793135 0.0361348 0.0013699 0.0774562 0.2211226 0.2227664 0.0343824 0.0020558 0.2235819 0.2124649 0.0783472 0.0034390 0.0368228 0.0688528 0.0359974 0.0697502 0.2209026 0.2227279 0.0006827 0.0802981 0.0013682 
OQ957857.1_AVI_ 6.3437370 0.0774826 0.0774826 0.0783643 0.0784024 0.0784024 0.0792908 0.0784024 0.0783643 0.0784067 0.0784024 0.0783643 0.0783688 0.0792865 0.0783643 0.0783643 0.0766310 0.0792524 0.0792524 0.0784024 0.0784989 0.0784024 0.0837291 0.0020552 0.0359197 0.0375181 0.0359072 0.0467147 0.0846130 0.2258719 0.2258719 0.2271705 0.0374888 0.0027469 0.2278005 0.0376471 0.0826520 0.2271856 0.0343824 0.0000000 0.0351321 0.0013676 0.0793732 0.2212244 0.0359072 0.0846081 0.0343607 0.1900019 0.0837827 0.0027574 0.0351837 0.0846130 0.2271856 0.2288461 0.0000010 0.0351321 0.2296918 0.2184272 0.0855190 0.0383285 0.0020587 0.0784496 0.0027469 0.0793732 0.2256686 0.2288063 0.0351321 0.0875188 0.0359072 
OQ963161.1_AVI_ 6.2975325 0.0696295 0.0696295 0.0704945 0.0705279 0.0705279 0.0713990 0.0705279 0.0704945 0.0705316 0.0705279 0.0704945 0.0704985 0.0713952 0.0704945 0.0704945 0.0705238 0.0713654 0.0713654 0.0705279 0.0714814 0.0705279 0.0801424 0.0359214 0.0006825 0.0020562 0.0006823 0.0395517 0.0792243 0.2210697 0.2210697 0.2223636 0.0020547 0.0367511 0.2255955 0.0020632 0.0772981 0.2223784 0.0006827 0.0351321 0.0000000 0.0351163 0.0714711 0.2151916 0.0006823 0.0792197 0.0006823 0.1846146 0.0810911 0.0368913 0.0006832 0.0792243 0.2223784 0.2240261 0.0351321 0.0013683 0.2248482 0.2136972 0.0801190 0.0027464 0.0375788 0.0705691 0.0367511 0.0714711 0.2221587 0.2239874 0.0000010 0.0820818 0.0006823 
OQ961873.1_AVI_ 6.2939730 0.0756798 0.0756798 0.0765572 0.0765942 0.0765942 0.0774781 0.0765942 0.0765572 0.0765983 0.0765942 0.0765572 0.0765616 0.0774739 0.0765572 0.0765572 0.0748316 0.0774408 0.0774408 0.0765942 0.0766879 0.0765942 0.0836826 0.0020544 0.0359036 0.0375011 0.0358910 0.0483541 0.0845658 0.2256873 0.2256873 0.2269847 0.0374718 0.0027459 0.2276136 0.0376299 0.0826063 0.2269997 0.0343671 0.0013676 0.0351163 0.0000000 0.0793301 0.2210456 0.0358910 0.0845609 0.0343453 0.1873941 0.0837361 0.0027563 0.0351678 0.0845658 0.2269997 0.2286585 0.0013676 0.0351163 0.2295025 0.2182512 0.0854712 0.0383111 0.0034400 0.0784072 0.0027459 0.0793301 0.2254841 0.2286187 0.0351163 0.0874694 0.0358910 
OQ960937.1_AVI_ 6.3916896 0.0069186 0.0069186 0.0076190 0.0076217 0.0076217 0.0083243 0.0076217 0.0076190 0.0076220 0.0090344 0.0076190 0.0076194 0.0083239 0.0076190 0.0076190 0.0090277 0.0083214 0.0083214 0.0076217 0.0083320 0.0076217 0.0580833 0.0803042 0.0723760 0.0715957 0.0723456 0.0861345 0.0555801 0.2161050 0.2161050 0.2173830 0.0741631 0.0794715 0.2205605 0.0744876 0.0538408 0.2148290 0.0697502 0.0793732 0.0714711 0.0793301 0.0000000 0.2128871 0.0723456 0.0555770 0.0706026 0.1843174 0.0572833 0.0816523 0.0724637 0.0539277 0.2173974 0.2219303 0.0793732 0.0732878 0.2198086 0.2101370 0.0564070 0.0751765 0.0823602 0.0006822 0.0794715 0.0000010 0.2142950 0.2189805 0.0714711 0.0581731 0.0723456 
PP802475.1_AVI_ 6.6154707 0.2180746 0.2180746 0.2193449 0.2195028 0.2195028 0.2179180 0.2195028 0.2167920 0.2195213 0.2223907 0.2193449 0.2193592 0.2207760 0.2180746 0.2180746 0.2182171 0.2193592 0.2193592 0.2195028 0.2199243 0.2195028 0.2347507 0.2226854 0.2166221 0.2183478 0.2164798 0.2226933 0.2332966 0.0083740 0.0083740 0.0090821 0.2193555 0.2245636 0.0105181 0.2179430 0.2300183 0.0090826 0.2139563 0.2212244 0.2151916 0.2210456 0.2128871 0.0000000 0.2139197 0.2332811 0.2139197 0.1100715 0.2362646 0.2190184 0.2157602 0.2306589 0.0090826 0.0119494 0.2212244 0.2180753 0.0105298 0.0027461 0.2346107 0.2212596 0.2235105 0.2114753 0.2245636 0.2128871 0.0083818 0.0105110 0.2151916 0.2379729 0.2164798 
OQ966633.1_AVI_ 6.2762127 0.0704985 0.0704985 0.0713654 0.0713993 0.0713993 0.0722724 0.0713993 0.0713654 0.0714031 0.0713993 0.0713654 0.0713695 0.0722686 0.0713654 0.0713654 0.0713952 0.0722383 0.0722383 0.0713993 0.0723560 0.0713993 0.0792473 0.0366986 0.0013678 0.0027448 0.0013674 0.0403472 0.0783315 0.2197778 0.2197778 0.2210697 0.0027428 0.0375314 0.2242929 0.0027542 0.0764111 0.2210844 0.0013682 0.0359072 0.0006823 0.0358910 0.0723456 0.2139197 0.0000000 0.0783269 0.0013674 0.1834000 0.0801934 0.0376745 0.0013691 0.0783315 0.2210844 0.2227278 0.0359072 0.0020548 0.2235431 0.2124286 0.0792243 0.0034370 0.0383620 0.0714412 0.0375314 0.0723456 0.2208644 0.2226894 0.0006823 0.0811810 0.0013674 
OQ964593.1_AVI_ 6.2667628 0.0538518 0.0538518 0.0546737 0.0530049 0.0546978 0.0555247 0.0530049 0.0546737 0.0547006 0.0546978 0.0546737 0.0546768 0.0538255 0.0546737 0.0546737 0.0538255 0.0555005 0.0555005 0.0546978 0.0555853 0.0546978 0.0048280 0.0855619 0.0801540 0.0811621 0.0801190 0.0935708 0.0013682 0.2381537 0.2381537 0.2394861 0.0801934 0.0847152 0.2428656 0.0823582 0.0013696 0.2381537 0.0774517 0.0846081 0.0792197 0.0845609 0.0555770 0.2332811 0.0783269 0.0000000 0.0783269 0.1876867 0.0055304 0.0838990 0.0802541 0.0013682 0.2395020 0.2442886 0.0846081 0.0810958 0.2381537 0.2304013 0.0020546 0.0809749 0.0876809 0.0547277 0.0847152 0.0555770 0.2362495 0.2411794 0.0792197 0.0048339 0.0801190 
OQ960809.1_AVI_ 6.2975325 0.0687663 0.0687663 0.0696295 0.0696623 0.0696623 0.0705316 0.0696623 0.0696295 0.0696660 0.0696623 0.0696295 0.0696335 0.0705279 0.0696295 0.0696295 0.0696584 0.0704985 0.0704985 0.0696623 0.0706127 0.0696623 0.0792473 0.0351479 0.0013678 0.0027448 0.0013674 0.0387603 0.0783315 0.2197778 0.2197778 0.2210697 0.0027428 0.0359746 0.2242929 0.0027542 0.0764111 0.2210844 0.0013682 0.0343607 0.0006823 0.0343453 0.0706026 0.2139197 0.0013674 0.0783269 0.0000000 0.1834000 0.0801934 0.0361118 0.0013691 0.0783315 0.2210844 0.2227278 0.0343607 0.0020548 0.2235431 0.2124286 0.0792243 0.0034370 0.0367993 0.0697030 0.0359746 0.0706026 0.2208644 0.2226894 0.0006823 0.0811810 0.0013674 
OR267215.1_AVI_ 6.5099587 0.1841514 0.1841514 0.1829309 0.1828019 0.1854909 0.1815989 0.1828019 0.1853620 0.1855056 0.1854909 0.1829309 0.1853742 0.1815847 0.1841514 0.1841514 0.1803697 0.1829429 0.1829429 0.1854909 0.1833842 0.1854909 0.1890396 0.1886439 0.1859614 0.1875444 0.1858437 0.1867045 0.1876992 0.1097364 0.1097364 0.1107002 0.1885508 0.1930967 0.1128633 0.1895426 0.1847415 0.1107068 0.1834317 0.1900019 0.1846146 0.1873941 0.1843174 0.1100715 0.1834000 0.1876867 0.1834000 0.0000000 0.1904358 0.1902376 0.1850756 0.1876992 0.1087744 0.1138742 0.1900019 0.1873275 0.1120806 0.1080390 0.1864520 0.1882382 0.1920435 0.1829801 0.1903447 0.1843174 0.1119414 0.1097298 0.1846146 0.1907228 0.1858437 
OQ965865.1_AVI_ 6.2788594 0.0555462 0.0555462 0.0563725 0.0546948 0.0563976 0.0572291 0.0546948 0.0563725 0.0564004 0.0563976 0.0563725 0.0563757 0.0555188 0.0563725 0.0563725 0.0555188 0.0572039 0.0572039 0.0563976 0.0572919 0.0563976 0.0062298 0.0847352 0.0820315 0.0830478 0.0819955 0.0946109 0.0055307 0.2411851 0.2411851 0.2425234 0.0820722 0.0838888 0.2459275 0.0842562 0.0041329 0.2411851 0.0793135 0.0837827 0.0810911 0.0837361 0.0572833 0.2362646 0.0801934 0.0055304 0.0801934 0.1904358 0.0000000 0.0830723 0.0821347 0.0055307 0.2425396 0.2473548 0.0837827 0.0829797 0.2411851 0.2333691 0.0062291 0.0828550 0.0868494 0.0564286 0.0838888 0.0572833 0.2353437 0.2442281 0.0810911 0.0076413 0.0819955 
OQ962625.1_AVI_ 6.4238480 0.0797369 0.0797369 0.0806283 0.0806681 0.0806681 0.0815664 0.0806681 0.0806283 0.0806725 0.0806681 0.0806283 0.0806330 0.0815619 0.0806283 0.0806283 0.0788770 0.0806283 0.0806283 0.0806681 0.0807686 0.0806681 0.0830190 0.0034519 0.0376879 0.0393052 0.0376745 0.0485193 0.0839039 0.2236218 0.2236218 0.2249134 0.0392743 0.0041524 0.2255334 0.0394410 0.0819426 0.2249282 0.0361348 0.0027574 0.0368913 0.0027563 0.0816523 0.2190184 0.0376745 0.0838990 0.0361118 0.1902376 0.0830723 0.0000000 0.0369460 0.0839039 0.2249282 0.2265767 0.0027574 0.0368913 0.2274080 0.2162383 0.0848107 0.0401257 0.0048553 0.0807173 0.0041524 0.0816523 0.2234183 0.2265375 0.0368913 0.0868106 0.0376745 
OQ962233.1_AVI_ 6.3481567 0.0706127 0.0706127 0.0714814 0.0715154 0.0715154 0.0723903 0.0715154 0.0714814 0.0715192 0.0715154 0.0714814 0.0714855 0.0723864 0.0714814 0.0714814 0.0715113 0.0723560 0.0723560 0.0715154 0.0705087 0.0715154 0.0811813 0.0359743 0.0013695 0.0027481 0.0013691 0.0404060 0.0802588 0.2216640 0.2216640 0.2229625 0.0027462 0.0368054 0.2262077 0.0027576 0.0783224 0.2229773 0.0013699 0.0351837 0.0006832 0.0351678 0.0724637 0.2157602 0.0013691 0.0802541 0.0013691 0.1850756 0.0821347 0.0369460 0.0000000 0.0802588 0.2229773 0.2246319 0.0351837 0.0020573 0.2254594 0.2142601 0.0811573 0.0034413 0.0376346 0.0715574 0.0368054 0.0724637 0.2227572 0.2245928 0.0006832 0.0831299 0.0013691 
OQ963017.1_AVI_ 6.2243014 0.0522126 0.0522126 0.0530308 0.0513712 0.0530541 0.0538772 0.0513712 0.0530308 0.0530567 0.0530541 0.0530308 0.0530338 0.0521872 0.0530308 0.0530308 0.0521872 0.0538548 0.0538548 0.0530541 0.0539358 0.0530541 0.0048282 0.0855669 0.0801586 0.0811668 0.0801237 0.0935763 0.0013683 0.2354948 0.2354948 0.2368233 0.0801981 0.0847202 0.2401851 0.0823630 0.0013697 0.2354948 0.0774562 0.0846130 0.0792243 0.0845658 0.0539277 0.2306589 0.0783315 0.0013682 0.0783315 0.1876992 0.0055307 0.0839039 0.0802588 0.0000000 0.2368391 0.2416049 0.0846130 0.0811005 0.2354948 0.2277897 0.0020547 0.0809796 0.0876860 0.0530829 0.0847202 0.0539277 0.2335979 0.2385086 0.0792243 0.0048342 0.0801237 
OQ961041.1_AVI_ 6.6419211 0.2226571 0.2226571 0.2239450 0.2241080 0.2241080 0.2224954 0.2241080 0.2213565 0.2241273 0.2270422 0.2239450 0.2239598 0.2253989 0.2226571 0.2226571 0.2228043 0.2239598 0.2239598 0.2241080 0.2245456 0.2241080 0.2409984 0.2286736 0.2238382 0.2256105 0.2236892 0.2287144 0.2395180 0.0006827 0.0006827 0.0013680 0.2266240 0.2305979 0.0027460 0.2252190 0.2361703 0.0013681 0.2211226 0.2271856 0.2223784 0.2269997 0.2173974 0.0090826 0.2210844 0.2395020 0.2210844 0.1087744 0.2425396 0.2249282 0.2229773 0.2368391 0.0000000 0.0041288 0.2271856 0.2253219 0.0027489 0.0105028 0.2408524 0.2262889 0.2295379 0.2159629 0.2305979 0.2173974 0.0034396 0.0027442 0.2223784 0.2442828 0.2236892 
OQ966145.1_AVI_ 6.6507230 0.2272324 0.2272324 0.2285307 0.2286978 0.2286978 0.2270665 0.2286978 0.2259212 0.2287177 0.2286978 0.2285307 0.2285457 0.2299990 0.2272324 0.2272324 0.2273835 0.2285457 0.2285457 0.2286978 0.2291492 0.2286978 0.2457997 0.2303402 0.2254919 0.2272740 0.2253414 0.2303904 0.2443049 0.0034367 0.0034367 0.0041286 0.2282882 0.2322756 0.0055249 0.2268858 0.2409167 0.0041288 0.2227664 0.2288461 0.2240261 0.2286585 0.2219303 0.0119494 0.2227278 0.2442886 0.2227278 0.1138742 0.2473548 0.2265767 0.2246319 0.2416049 0.0041288 0.0000000 0.2288461 0.2269817 0.0041386 0.0133847 0.2456497 0.2279521 0.2312147 0.2204813 0.2322756 0.2219303 0.0062286 0.0041314 0.2240261 0.2491180 0.2253414 
OQ966961.1_AVI_ 6.3437370 0.0774826 0.0774826 0.0783643 0.0784024 0.0784024 0.0792908 0.0784024 0.0783643 0.0784067 0.0784024 0.0783643 0.0783688 0.0792865 0.0783643 0.0783643 0.0766310 0.0792524 0.0792524 0.0784024 0.0784989 0.0784024 0.0837291 0.0020552 0.0359197 0.0375181 0.0359072 0.0467147 0.0846130 0.2258719 0.2258719 0.2271705 0.0374888 0.0027469 0.2278005 0.0376471 0.0826520 0.2271856 0.0343824 0.0000010 0.0351321 0.0013676 0.0793732 0.2212244 0.0359072 0.0846081 0.0343607 0.1900019 0.0837827 0.0027574 0.0351837 0.0846130 0.2271856 0.2288461 0.0000000 0.0351321 0.2296918 0.2184272 0.0855190 0.0383285 0.0020587 0.0784496 0.0027469 0.0793732 0.2256686 0.2288063 0.0351321 0.0875188 0.0359072 
OQ966713.1_AVI_ 6.2975325 0.0714329 0.0714329 0.0723028 0.0723373 0.0723373 0.0732133 0.0723373 0.0723028 0.0723411 0.0723373 0.0723028 0.0723069 0.0732094 0.0723028 0.0723028 0.0723331 0.0731786 0.0731786 0.0723373 0.0732983 0.0723373 0.0820246 0.0359214 0.0020554 0.0034371 0.0020548 0.0411764 0.0811005 0.2240068 0.2240068 0.2253069 0.0034346 0.0367511 0.2285630 0.0034488 0.0791600 0.2253219 0.0020558 0.0351321 0.0013683 0.0351163 0.0732878 0.2180753 0.0020548 0.0810958 0.0020548 0.1873275 0.0829797 0.0368913 0.0020573 0.0811005 0.2253219 0.2269817 0.0351321 0.0000000 0.2278204 0.2165714 0.0820002 0.0041318 0.0375788 0.0723799 0.0367511 0.0732878 0.2251028 0.2269422 0.0013683 0.0839782 0.0020548 
