185
MN908947_WUHAN_HU_1_2019_                                          0.0000000 0.0029135 0.0021093 0.0017852 0.0016403 0.0017120 0.0015701 0.0017508 0.0021038 0.0018489 0.0016425 0.0018174 0.0021383 0.0018108 0.0018555 0.0017474 0.0017477 0.0022873 0.0021072 0.0020300 0.0018565 0.0015700 0.0020359 0.0022141 0.0020631 0.0024307 0.0023548 0.0016759 0.0020480 0.0017582 0.0019947 0.0015715 0.0017307 0.0019921 0.0017191 0.0018187 0.0014174 0.0019882 0.0015946 0.0021708 0.0018825 0.0016898 0.0017328 0.0022244 0.0018144 0.0021565 0.0017251 0.0015791 0.0018738 0.0022693 0.0028448 0.0022919 0.0014607 0.0019725 0.0021090 0.0017801 0.0018580 0.0019561 0.0021774 0.0021023 0.0018484 0.0025160 0.0022902 0.0021992 0.0026264 0.0030058 0.0022854 0.0018718 0.0022426 0.0017169 0.0015747 0.0020040 0.0022765 0.0020325 0.0018853 0.0029738 0.0017285 0.0021129 0.0014703 0.0026656 0.0016830 0.0012554 0.0012971 0.0013708 0.0012829 0.0026038 0.0027430 0.0027428 0.0029684 0.0025722 0.0028711 0.0029350 0.0028331 0.0024173 0.0026981 0.0022105 0.0022426 0.0025684 0.0025909 0.0026466 0.0031103 0.0025553 0.0028431 0.0024953 0.0028980 0.0023654 0.0027473 0.0027266 0.0025297 0.0027166 0.0029652 0.0026447 0.0026333 0.0026142 0.0027572 0.0027253 0.0025249 0.0030244 0.0025694 0.0027288 0.0025729 0.0027110 0.0027677 0.0027011 0.0025778 0.0026838 0.0027551 0.0028339 0.0028006 0.0026078 0.0028521 0.0025070 0.0027115 0.0025115 0.0025629 0.0026699 0.0027226 0.0026054 0.0026054 0.0027958 0.0027668 0.0027372 0.0027934 0.0025740 0.0025730 0.0026478 0.0025678 0.0025524 0.0028037 0.0026807 0.0026185 0.0026160 0.0032056 0.0026447 0.0026466 0.0027152 0.0025313 0.0025972 0.0026563 0.0025732 0.0025918 0.0025783 0.0026776 0.0026383 0.0026335 0.0029130 0.0024935 0.0026708 0.0025788 0.0025528 0.0025124 0.0026167 0.0025783 0.0026179 0.0026443 0.0028007 0.0025218 0.0025769 0.0027710 0.0026553 0.0025376 0.0026763 0.0026874 0.0027335 0.0029368 
ENA_OQ437945_OQ437945_1_SEVERE_ACUTE_RESPIRATORY_SDEER-_-DEER._.   0.0029135 0.0000000 0.0044125 0.0042944 0.0041389 0.0042152 0.0041404 0.0041855 0.0045169 0.0043570 0.0041447 0.0043293 0.0045136 0.0043160 0.0042917 0.0041771 0.0041779 0.0047496 0.0044810 0.0043988 0.0043690 0.0040687 0.0044857 0.0045593 0.0045842 0.0047859 0.0047422 0.0041766 0.0044298 0.0041219 0.0043253 0.0041328 0.0042643 0.0043960 0.0042375 0.0043412 0.0039280 0.0044641 0.0041323 0.0046232 0.0043204 0.0042490 0.0042101 0.0046203 0.0042148 0.0046253 0.0040586 0.0041661 0.0044702 0.0049012 0.0026724 0.0028610 0.0040229 0.0028322 0.0045272 0.0041762 0.0043719 0.0044323 0.0027446 0.0043200 0.0042469 0.0047637 0.0046388 0.0044780 0.0005440 0.0028661 0.0027810 0.0042549 0.0045436 0.0041930 0.0037232 0.0046132 0.0046475 0.0044787 0.0043961 0.0029137 0.0038625 0.0051224 0.0041196 0.0053516 0.0043933 0.0037419 0.0038221 0.0039604 0.0037911 0.0048638 0.0050001 0.0049996 0.0052592 0.0048607 0.0051458 0.0052839 0.0050288 0.0048561 0.0049280 0.0045978 0.0045345 0.0048306 0.0049469 0.0049135 0.0054068 0.0048829 0.0051285 0.0047995 0.0051652 0.0047482 0.0050392 0.0050467 0.0048347 0.0049779 0.0053064 0.0049580 0.0048888 0.0049644 0.0050763 0.0050429 0.0047782 0.0053195 0.0048772 0.0050529 0.0048839 0.0050468 0.0050942 0.0049511 0.0048935 0.0049983 0.0050217 0.0051065 0.0051234 0.0048244 0.0051855 0.0047764 0.0049695 0.0047447 0.0048165 0.0049256 0.0050389 0.0049144 0.0049144 0.0051159 0.0050929 0.0049859 0.0051113 0.0048854 0.0048841 0.0049629 0.0047984 0.0048760 0.0051298 0.0049926 0.0049380 0.0049329 0.0055453 0.0049560 0.0049612 0.0049784 0.0048365 0.0048406 0.0049758 0.0048841 0.0048400 0.0048921 0.0049390 0.0048949 0.0048739 0.0052423 0.0047966 0.0049264 0.0048951 0.0047979 0.0047538 0.0049356 0.0048934 0.0049379 0.0049561 0.0051240 0.0047710 0.0048925 0.0050212 0.0049754 0.0048489 0.0049767 0.0049590 0.0050623 0.0052075 
ENA_OQ437954_OQ437954_1_SEVERE_ACUTE_RESPIRATORY_SDEER-_-DEER._.   0.0021093 0.0044125 0.0000000 0.0014889 0.0012406 0.0014167 0.0012761 0.0022543 0.0018839 0.0016311 0.0014197 0.0015989 0.0019184 0.0017036 0.0008518 0.0013110 0.0013819 0.0028732 0.0018872 0.0018106 0.0016382 0.0014236 0.0018875 0.0017708 0.0018437 0.0022809 0.0021338 0.0013453 0.0017902 0.0016819 0.0016627 0.0011820 0.0015095 0.0018062 0.0015358 0.0017415 0.0007935 0.0017965 0.0013742 0.0019847 0.0016243 0.0008232 0.0015441 0.0019282 0.0013697 0.0019348 0.0007189 0.0012834 0.0017473 0.0021189 0.0043400 0.0040284 0.0013149 0.0037017 0.0018538 0.0015623 0.0014900 0.0016667 0.0038320 0.0011116 0.0014755 0.0023271 0.0021758 0.0020439 0.0040030 0.0045702 0.0039444 0.0015009 0.0020562 0.0014987 0.0016114 0.0017814 0.0021610 0.0018132 0.0016672 0.0044805 0.0024996 0.0019453 0.0011959 0.0023472 0.0013754 0.0011070 0.0029603 0.0012964 0.0011340 0.0039846 0.0042378 0.0041983 0.0044457 0.0040333 0.0043769 0.0044002 0.0041834 0.0039417 0.0041296 0.0036920 0.0037006 0.0040256 0.0040012 0.0041081 0.0046287 0.0040058 0.0043537 0.0039312 0.0043984 0.0037988 0.0042252 0.0042507 0.0039662 0.0040987 0.0044616 0.0040868 0.0040115 0.0040022 0.0042393 0.0041700 0.0039014 0.0045177 0.0040078 0.0042140 0.0040129 0.0041667 0.0042542 0.0040763 0.0040211 0.0041624 0.0041405 0.0041849 0.0042488 0.0038550 0.0043071 0.0038538 0.0040916 0.0038608 0.0039397 0.0040483 0.0041665 0.0040446 0.0040446 0.0042783 0.0042530 0.0041505 0.0042384 0.0040143 0.0040135 0.0040910 0.0039304 0.0040005 0.0042904 0.0041216 0.0040640 0.0040598 0.0047018 0.0040852 0.0040895 0.0041349 0.0039680 0.0039923 0.0041020 0.0040135 0.0039654 0.0040205 0.0040596 0.0040173 0.0038904 0.0044017 0.0039287 0.0040110 0.0040225 0.0039244 0.0038816 0.0040622 0.0040213 0.0040641 0.0040850 0.0042856 0.0038958 0.0040202 0.0041458 0.0041017 0.0039781 0.0040942 0.0040755 0.0042217 0.0043618 
ENA_OQ437980_OQ437980_1_SEVERE_ACUTE_RESPIRATORY_SDEER-_-DEER._.   0.0017852 0.0042944 0.0014889 0.0000000 0.0006112 0.0007485 0.0005428 0.0020023 0.0016334 0.0013123 0.0009615 0.0012801 0.0016679 0.0013843 0.0012408 0.0011350 0.0009939 0.0024694 0.0015655 0.0015611 0.0013186 0.0011059 0.0015657 0.0015217 0.0015235 0.0018839 0.0017395 0.0006115 0.0015385 0.0013602 0.0014084 0.0005471 0.0012225 0.0014803 0.0012865 0.0013782 0.0007153 0.0014680 0.0010877 0.0017297 0.0013719 0.0010738 0.0012513 0.0016785 0.0011902 0.0016824 0.0011086 0.0004085 0.0015119 0.0018650 0.0043760 0.0037645 0.0009991 0.0034033 0.0016029 0.0012437 0.0011004 0.0014180 0.0036439 0.0013675 0.0010804 0.0019939 0.0018085 0.0017370 0.0039251 0.0045684 0.0037202 0.0011082 0.0017627 0.0012497 0.0012380 0.0015329 0.0017161 0.0014924 0.0013480 0.0043517 0.0019168 0.0016874 0.0009326 0.0021231 0.0010777 0.0008897 0.0026252 0.0009764 0.0008111 0.0037542 0.0039313 0.0038920 0.0041345 0.0036765 0.0040287 0.0040920 0.0039511 0.0035733 0.0038543 0.0034023 0.0034076 0.0036796 0.0037308 0.0038006 0.0043169 0.0037005 0.0040436 0.0036290 0.0040904 0.0035146 0.0039142 0.0039460 0.0036639 0.0038682 0.0041543 0.0037833 0.0037815 0.0037707 0.0039351 0.0038659 0.0036716 0.0042110 0.0037051 0.0039092 0.0037097 0.0038600 0.0039488 0.0038469 0.0037174 0.0038587 0.0039094 0.0039915 0.0039439 0.0037374 0.0040009 0.0036226 0.0038614 0.0036292 0.0037100 0.0038183 0.0038625 0.0037418 0.0037418 0.0039738 0.0039477 0.0038830 0.0039342 0.0037109 0.0037103 0.0037873 0.0037031 0.0036958 0.0039853 0.0038182 0.0037596 0.0037558 0.0043946 0.0037819 0.0037859 0.0039041 0.0036656 0.0037593 0.0037976 0.0037104 0.0037362 0.0037170 0.0038290 0.0037872 0.0037339 0.0040182 0.0036266 0.0038192 0.0037187 0.0036955 0.0036531 0.0037580 0.0037176 0.0037598 0.0037817 0.0039808 0.0036665 0.0037164 0.0039164 0.0037974 0.0036749 0.0038256 0.0038439 0.0039162 0.0041302 
ENA_OQ437956_OQ437956_1_SEVERE_ACUTE_RESPIRATORY_SDEER-_-DEER._.   0.0016403 0.0041389 0.0012406 0.0006112 0.0000000 0.0004053 0.0002020 0.0017854 0.0013491 0.0011707 0.0008215 0.0011383 0.0013836 0.0012422 0.0010299 0.0009249 0.0008540 0.0023221 0.0014223 0.0012776 0.0011763 0.0009648 0.0014225 0.0013792 0.0013809 0.0017394 0.0016666 0.0005077 0.0013237 0.0012171 0.0012637 0.0002172 0.0010795 0.0013352 0.0010737 0.0012698 0.0005944 0.0012841 0.0008738 0.0014406 0.0012275 0.0009324 0.0010687 0.0014981 0.0009762 0.0013958 0.0008971 0.0004079 0.0013138 0.0017194 0.0041449 0.0036109 0.0008235 0.0032861 0.0014594 0.0011021 0.0008905 0.0012758 0.0034910 0.0012946 0.0009379 0.0018463 0.0016978 0.0015854 0.0037712 0.0043709 0.0036026 0.0009666 0.0015821 0.0010373 0.0011635 0.0013536 0.0016787 0.0013497 0.0012062 0.0041479 0.0013926 0.0013716 0.0006178 0.0018915 0.0009511 0.0007450 0.0024753 0.0008343 0.0006679 0.0035987 0.0037760 0.0037369 0.0039768 0.0035167 0.0038723 0.0039358 0.0037189 0.0033641 0.0035741 0.0032353 0.0032389 0.0035244 0.0035319 0.0036448 0.0041588 0.0035458 0.0038864 0.0034760 0.0039343 0.0033066 0.0037566 0.0037915 0.0035107 0.0037126 0.0039986 0.0036296 0.0036263 0.0036146 0.0037809 0.0037118 0.0035167 0.0040556 0.0035518 0.0037547 0.0035561 0.0037046 0.0037941 0.0036921 0.0035635 0.0037048 0.0037534 0.0038351 0.0037895 0.0035796 0.0038457 0.0034667 0.0037060 0.0034730 0.0035550 0.0036632 0.0037085 0.0035884 0.0035884 0.0038195 0.0037930 0.0037282 0.0037801 0.0035573 0.0035568 0.0036335 0.0034752 0.0035414 0.0038306 0.0036645 0.0036054 0.0036018 0.0042388 0.0036282 0.0036321 0.0037483 0.0035125 0.0036021 0.0036434 0.0035569 0.0035816 0.0035633 0.0036734 0.0036320 0.0035746 0.0038635 0.0034736 0.0036640 0.0035648 0.0035411 0.0034989 0.0036039 0.0035638 0.0036057 0.0036280 0.0038264 0.0035118 0.0035626 0.0036864 0.0036432 0.0035214 0.0036702 0.0036876 0.0037614 0.0039738 
ENA_OQ437977_OQ437977_1_SEVERE_ACUTE_RESPIRATORY_SDEER-_-DEER._.   0.0017120 0.0042152 0.0014167 0.0007485 0.0004053 0.0000000 0.0004054 0.0019284 0.0015608 0.0013108 0.0009603 0.0012785 0.0015246 0.0013826 0.0011694 0.0010639 0.0009927 0.0024667 0.0014930 0.0014182 0.0013170 0.0011046 0.0015639 0.0014496 0.0015217 0.0019531 0.0017375 0.0006445 0.0014656 0.0013586 0.0013709 0.0003993 0.0012210 0.0014070 0.0012144 0.0013774 0.0007549 0.0014662 0.0009799 0.0015839 0.0013703 0.0010725 0.0012497 0.0016766 0.0011178 0.0015379 0.0010371 0.0005451 0.0014717 0.0018628 0.0042210 0.0036118 0.0009978 0.0032868 0.0016011 0.0011721 0.0010295 0.0014164 0.0035661 0.0014371 0.0010791 0.0019193 0.0017695 0.0016224 0.0038464 0.0044486 0.0036034 0.0011068 0.0016532 0.0011778 0.0013112 0.0015311 0.0017510 0.0014907 0.0013465 0.0043076 0.0015819 0.0015797 0.0007744 0.0019494 0.0010350 0.0008163 0.0025489 0.0009751 0.0007386 0.0036358 0.0038151 0.0037759 0.0040166 0.0035548 0.0039117 0.0039729 0.0037582 0.0034459 0.0036528 0.0032755 0.0032791 0.0035614 0.0036096 0.0036819 0.0041963 0.0035827 0.0039238 0.0035124 0.0039714 0.0033879 0.0037941 0.0038283 0.0035472 0.0037496 0.0040356 0.0036662 0.0036633 0.0036517 0.0038176 0.0037485 0.0035536 0.0040169 0.0035883 0.0037914 0.0035926 0.0036659 0.0038309 0.0037289 0.0036002 0.0037414 0.0037905 0.0038342 0.0038262 0.0036172 0.0038826 0.0035039 0.0037430 0.0035102 0.0035919 0.0037001 0.0037452 0.0036249 0.0036249 0.0038562 0.0038298 0.0037273 0.0038167 0.0035939 0.0035933 0.0036701 0.0035117 0.0035782 0.0038674 0.0037011 0.0036421 0.0036385 0.0042001 0.0036648 0.0036687 0.0037854 0.0035489 0.0036395 0.0036801 0.0035934 0.0036184 0.0035999 0.0037104 0.0036689 0.0036125 0.0039003 0.0035101 0.0036631 0.0036015 0.0035779 0.0035357 0.0036406 0.0036004 0.0036424 0.0036646 0.0038631 0.0035487 0.0035992 0.0037232 0.0036799 0.0035580 0.0037071 0.0037248 0.0037982 0.0040110 
ENA_OQ437920_OQ437920_1_SEVERE_ACUTE_RESPIRATORY_SDEER-_-DEER._.   0.0015701 0.0041404 0.0012761 0.0005428 0.0002020 0.0004054 0.0000000 0.0017854 0.0013492 0.0011709 0.0007524 0.0011383 0.0013836 0.0012422 0.0010301 0.0009249 0.0007852 0.0023224 0.0014225 0.0012776 0.0011766 0.0008951 0.0013521 0.0013793 0.0013107 0.0016685 0.0016668 0.0004397 0.0013238 0.0012172 0.0012639 0.0001809 0.0010090 0.0013357 0.0010737 0.0011982 0.0005947 0.0013208 0.0008738 0.0014408 0.0012275 0.0008627 0.0010326 0.0015344 0.0009763 0.0013959 0.0008972 0.0003396 0.0012746 0.0016480 0.0041461 0.0036122 0.0007894 0.0032868 0.0014594 0.0011023 0.0008906 0.0012761 0.0034922 0.0012948 0.0008678 0.0018465 0.0016259 0.0015098 0.0037717 0.0043337 0.0036039 0.0008968 0.0015824 0.0010375 0.0011267 0.0013190 0.0016061 0.0013498 0.0012064 0.0041088 0.0014396 0.0012692 0.0005659 0.0018348 0.0009093 0.0006734 0.0024019 0.0007641 0.0005971 0.0035230 0.0037004 0.0036614 0.0039001 0.0034393 0.0037962 0.0038598 0.0037194 0.0033244 0.0036144 0.0031551 0.0031566 0.0034487 0.0034942 0.0035689 0.0040819 0.0034705 0.0038100 0.0034014 0.0038584 0.0032672 0.0036799 0.0037164 0.0034361 0.0036368 0.0039228 0.0035548 0.0035508 0.0035385 0.0037059 0.0036368 0.0034412 0.0039800 0.0034771 0.0036795 0.0034812 0.0036290 0.0037188 0.0036167 0.0034886 0.0036299 0.0036775 0.0037199 0.0037143 0.0034634 0.0037702 0.0033908 0.0036304 0.0033969 0.0034795 0.0035876 0.0036335 0.0035136 0.0035136 0.0037444 0.0037178 0.0036141 0.0037051 0.0034825 0.0034820 0.0035586 0.0034752 0.0034662 0.0037554 0.0035897 0.0035303 0.0035268 0.0041632 0.0035534 0.0035572 0.0036725 0.0034379 0.0035255 0.0035683 0.0034821 0.0035063 0.0034884 0.0035977 0.0035564 0.0034970 0.0037883 0.0033991 0.0035497 0.0034899 0.0034659 0.0034238 0.0035289 0.0034889 0.0035306 0.0035532 0.0037512 0.0034365 0.0034877 0.0036864 0.0035682 0.0034466 0.0035557 0.0036115 0.0036860 0.0038978 
ENA_OQ437934_OQ437934_1_SEVERE_ACUTE_RESPIRATORY_SDEER-_-DEER._.   0.0017508 0.0041855 0.0022543 0.0020023 0.0017854 0.0019284 0.0017854 0.0000000 0.0021431 0.0019943 0.0018584 0.0019625 0.0022129 0.0020678 0.0019295 0.0018922 0.0019648 0.0015643 0.0021817 0.0021041 0.0020023 0.0017138 0.0021823 0.0022891 0.0022091 0.0025790 0.0024313 0.0018207 0.0020860 0.0018317 0.0020704 0.0018028 0.0019490 0.0020679 0.0018645 0.0020032 0.0015408 0.0021368 0.0017403 0.0022845 0.0019573 0.0018350 0.0018448 0.0022258 0.0019616 0.0022317 0.0017631 0.0017952 0.0021153 0.0025638 0.0041913 0.0036560 0.0016754 0.0033288 0.0022208 0.0019254 0.0020035 0.0021019 0.0035356 0.0021416 0.0019586 0.0026292 0.0024771 0.0023944 0.0038160 0.0044155 0.0036476 0.0019812 0.0022086 0.0018267 0.0018405 0.0022210 0.0024650 0.0021070 0.0020309 0.0042372 0.0026957 0.0023802 0.0016811 0.0030170 0.0018603 0.0014754 0.0026638 0.0016608 0.0014642 0.0037170 0.0038930 0.0038538 0.0040958 0.0037168 0.0040262 0.0040931 0.0038369 0.0035648 0.0037685 0.0033578 0.0034504 0.0036801 0.0037677 0.0037194 0.0042348 0.0037013 0.0039618 0.0036298 0.0040915 0.0035061 0.0038322 0.0039469 0.0036646 0.0038310 0.0041555 0.0037842 0.0037444 0.0037716 0.0039360 0.0038668 0.0036345 0.0042122 0.0037059 0.0039101 0.0037105 0.0037850 0.0039498 0.0038478 0.0037182 0.0038596 0.0038722 0.0039543 0.0038695 0.0037769 0.0040019 0.0035461 0.0038623 0.0035525 0.0036728 0.0037813 0.0038634 0.0037426 0.0037426 0.0039748 0.0039487 0.0038839 0.0039352 0.0037118 0.0037111 0.0037882 0.0036290 0.0036966 0.0039863 0.0038191 0.0037604 0.0037566 0.0043959 0.0037827 0.0037116 0.0038669 0.0036664 0.0036822 0.0037985 0.0037112 0.0037370 0.0037178 0.0037918 0.0037501 0.0036558 0.0040971 0.0036274 0.0038201 0.0037195 0.0036585 0.0036538 0.0037588 0.0037184 0.0037606 0.0037825 0.0039819 0.0036294 0.0037173 0.0038418 0.0037983 0.0036757 0.0037885 0.0037673 0.0039171 0.0040931 
ENA_OQ437917_OQ437917_1_SEVERE_ACUTE_RESPIRATORY_SDEER-_-DEER._.   0.0021038 0.0045169 0.0018839 0.0016334 0.0013491 0.0015608 0.0013492 0.0021431 0.0000000 0.0014838 0.0014914 0.0014517 0.0015570 0.0015559 0.0015616 0.0015252 0.0015966 0.0027229 0.0018109 0.0014506 0.0015612 0.0012072 0.0018111 0.0018815 0.0016246 0.0007158 0.0020567 0.0014545 0.0015695 0.0016060 0.0016948 0.0012974 0.0015776 0.0016210 0.0014960 0.0016643 0.0010404 0.0015361 0.0011549 0.0018704 0.0015835 0.0014665 0.0013211 0.0018540 0.0015879 0.0018580 0.0014304 0.0014278 0.0016267 0.0021857 0.0045610 0.0040225 0.0011001 0.0036964 0.0018488 0.0014143 0.0016002 0.0015544 0.0039011 0.0018388 0.0016222 0.0020263 0.0018769 0.0017323 0.0041464 0.0047568 0.0040136 0.0016467 0.0017588 0.0014942 0.0014185 0.0017789 0.0018593 0.0017372 0.0015197 0.0045100 0.0022978 0.0019999 0.0010876 0.0025318 0.0012921 0.0010665 0.0029131 0.0012570 0.0010587 0.0039744 0.0041892 0.0041133 0.0043960 0.0038653 0.0043277 0.0043511 0.0041342 0.0038120 0.0040049 0.0035584 0.0035655 0.0039771 0.0039173 0.0040595 0.0045787 0.0039576 0.0043043 0.0038836 0.0043493 0.0037110 0.0041758 0.0042023 0.0039185 0.0040884 0.0044126 0.0040388 0.0039632 0.0039920 0.0041910 0.0041218 0.0038533 0.0044686 0.0039601 0.0041657 0.0039651 0.0041181 0.0042057 0.0040656 0.0039732 0.0041143 0.0040919 0.0041744 0.0042004 0.0038836 0.0042584 0.0038055 0.0040813 0.0038124 0.0039296 0.0040381 0.0041183 0.0039968 0.0039968 0.0042299 0.0042045 0.0041401 0.0041901 0.0039664 0.0039656 0.0040430 0.0038828 0.0039525 0.0042419 0.0040736 0.0040159 0.0040118 0.0046524 0.0040368 0.0040415 0.0040863 0.0039203 0.0039434 0.0040538 0.0039657 0.0039174 0.0039726 0.0040493 0.0040071 0.0038801 0.0043530 0.0038811 0.0040389 0.0039746 0.0039144 0.0038716 0.0040141 0.0039734 0.0040160 0.0040371 0.0042372 0.0038858 0.0039722 0.0040976 0.0040536 0.0039303 0.0040808 0.0040268 0.0041732 0.0043127 
ENA_OQ437916_OQ437916_1_SEVERE_ACUTE_RESPIRATORY_SDEER-_-DEER._.   0.0018489 0.0043570 0.0016311 0.0013123 0.0011707 0.0013108 0.0011709 0.0019943 0.0014838 0.0000000 0.0012068 0.0000010 0.0015181 0.0001349 0.0013819 0.0012756 0.0013462 0.0025335 0.0016294 0.0014121 0.0012411 0.0006480 0.0016297 0.0017347 0.0013735 0.0018743 0.0018031 0.0012753 0.0013885 0.0013894 0.0015111 0.0010694 0.0013247 0.0015095 0.0012806 0.0014805 0.0009583 0.0012788 0.0009399 0.0017224 0.0014371 0.0012859 0.0012453 0.0017426 0.0012978 0.0016361 0.0012501 0.0010721 0.0015451 0.0018930 0.0042876 0.0038274 0.0009238 0.0034651 0.0016314 0.0004068 0.0013839 0.0011296 0.0036324 0.0015828 0.0014034 0.0018762 0.0017640 0.0016159 0.0039880 0.0044393 0.0038188 0.0014293 0.0016470 0.0012440 0.0011212 0.0015616 0.0017444 0.0015564 0.0003035 0.0043020 0.0020095 0.0016287 0.0008241 0.0025889 0.0012480 0.0008484 0.0026892 0.0010068 0.0008777 0.0037411 0.0039948 0.0039555 0.0041986 0.0037825 0.0041317 0.0041555 0.0039387 0.0036436 0.0038821 0.0033899 0.0033951 0.0037826 0.0037962 0.0038645 0.0043807 0.0037641 0.0041076 0.0036921 0.0041539 0.0035845 0.0039786 0.0040090 0.0037269 0.0038548 0.0042176 0.0038464 0.0037684 0.0038348 0.0039981 0.0039290 0.0036587 0.0042740 0.0037682 0.0039723 0.0037728 0.0039236 0.0040120 0.0038714 0.0037806 0.0039217 0.0038960 0.0039779 0.0040070 0.0038012 0.0040642 0.0036097 0.0038860 0.0036162 0.0036969 0.0038051 0.0039256 0.0038048 0.0038048 0.0040368 0.0040109 0.0039464 0.0039972 0.0037741 0.0037735 0.0038504 0.0036913 0.0037593 0.0040483 0.0038813 0.0038229 0.0038191 0.0044574 0.0038449 0.0038490 0.0038907 0.0037287 0.0037460 0.0038609 0.0037735 0.0037609 0.0037803 0.0038157 0.0037740 0.0037205 0.0041590 0.0036897 0.0038439 0.0037820 0.0036826 0.0036779 0.0038213 0.0037809 0.0038231 0.0038448 0.0040439 0.0036536 0.0037797 0.0039042 0.0038606 0.0037381 0.0038503 0.0038305 0.0039795 0.0041163 
ENA_OQ437932_OQ437932_1_SEVERE_ACUTE_RESPIRATORY_SDEER-_-DEER._.   0.0016425 0.0041447 0.0014197 0.0009615 0.0008215 0.0009603 0.0007524 0.0018584 0.0014914 0.0012068 0.0000000 0.0012086 0.0015259 0.0012782 0.0011721 0.0010662 0.0009266 0.0024692 0.0014944 0.0014194 0.0012479 0.0009644 0.0006509 0.0015232 0.0014524 0.0018121 0.0017391 0.0008559 0.0013959 0.0012874 0.0013740 0.0007318 0.0011173 0.0013348 0.0010734 0.0011979 0.0007555 0.0013925 0.0009794 0.0014763 0.0012994 0.0010048 0.0011403 0.0015342 0.0011191 0.0015391 0.0010395 0.0007556 0.0013919 0.0017184 0.0042259 0.0036905 0.0008595 0.0033605 0.0015315 0.0010683 0.0011027 0.0013474 0.0035701 0.0014404 0.0010109 0.0019198 0.0016996 0.0016600 0.0038506 0.0043323 0.0036821 0.0010389 0.0016556 0.0011086 0.0012367 0.0013172 0.0016804 0.0014215 0.0012425 0.0042706 0.0020142 0.0014759 0.0008802 0.0020085 0.0010779 0.0006726 0.0024764 0.0008347 0.0006679 0.0036013 0.0037787 0.0037402 0.0039804 0.0034025 0.0037990 0.0039387 0.0037988 0.0034035 0.0036168 0.0031557 0.0031142 0.0034512 0.0035722 0.0036474 0.0040850 0.0035483 0.0038127 0.0034784 0.0038612 0.0033459 0.0037592 0.0037943 0.0035132 0.0037152 0.0039257 0.0036322 0.0036289 0.0036167 0.0037086 0.0037144 0.0035192 0.0039829 0.0035543 0.0036821 0.0035586 0.0037073 0.0037215 0.0036947 0.0035660 0.0036325 0.0037561 0.0038379 0.0037922 0.0036207 0.0038485 0.0034302 0.0037087 0.0034364 0.0035575 0.0036658 0.0037111 0.0035909 0.0035909 0.0037471 0.0037204 0.0037309 0.0037828 0.0035598 0.0035593 0.0036360 0.0035523 0.0035439 0.0037581 0.0036671 0.0036080 0.0036043 0.0041662 0.0036308 0.0036347 0.0036752 0.0035149 0.0035653 0.0036460 0.0035594 0.0035841 0.0035658 0.0036760 0.0036346 0.0034598 0.0037910 0.0034761 0.0036666 0.0035673 0.0035436 0.0035014 0.0036065 0.0035663 0.0036082 0.0036306 0.0037539 0.0035143 0.0035651 0.0037644 0.0036458 0.0035238 0.0035972 0.0036512 0.0036887 0.0039007 
ENA_OQ437923_OQ437923_1_SEVERE_ACUTE_RESPIRATORY_SDEER-_-DEER._.   0.0018174 0.0043293 0.0015989 0.0012801 0.0011383 0.0012785 0.0011383 0.0019625 0.0014517 0.0000010 0.0012086 0.0000000 0.0014501 0.0001351 0.0013497 0.0012431 0.0013140 0.0025029 0.0015976 0.0013440 0.0012088 0.0006491 0.0015977 0.0017029 0.0013412 0.0018427 0.0017714 0.0012431 0.0013562 0.0013913 0.0014787 0.0010702 0.0012920 0.0014770 0.0012480 0.0014476 0.0009583 0.0012803 0.0009412 0.0016903 0.0014043 0.0012534 0.0012464 0.0017108 0.0013001 0.0016040 0.0012176 0.0010740 0.0015456 0.0018945 0.0042597 0.0037988 0.0008911 0.0034700 0.0015994 0.0004077 0.0013515 0.0010972 0.0036035 0.0015504 0.0014056 0.0018791 0.0017318 0.0016177 0.0039594 0.0044445 0.0037902 0.0014314 0.0016148 0.0012115 0.0011224 0.0015645 0.0017119 0.0015244 0.0003041 0.0043072 0.0020099 0.0016298 0.0008241 0.0025900 0.0012486 0.0008488 0.0026554 0.0010078 0.0008431 0.0037074 0.0039633 0.0039246 0.0041676 0.0037506 0.0040982 0.0041221 0.0039079 0.0036451 0.0038473 0.0033141 0.0033580 0.0037493 0.0037616 0.0038308 0.0043472 0.0037306 0.0040739 0.0036588 0.0041205 0.0035873 0.0039447 0.0039345 0.0036937 0.0038212 0.0041843 0.0037773 0.0037348 0.0038010 0.0039290 0.0038599 0.0036250 0.0042409 0.0037366 0.0039391 0.0037395 0.0038901 0.0039788 0.0038380 0.0037473 0.0038527 0.0038624 0.0039443 0.0039379 0.0037670 0.0040309 0.0035758 0.0038525 0.0035822 0.0036633 0.0037716 0.0038565 0.0037358 0.0037358 0.0039678 0.0039777 0.0039130 0.0039282 0.0037408 0.0037402 0.0038172 0.0036223 0.0037258 0.0040151 0.0038481 0.0037895 0.0037857 0.0043885 0.0037759 0.0038157 0.0038571 0.0036596 0.0037119 0.0038275 0.0037402 0.0037274 0.0037469 0.0037821 0.0037404 0.0036859 0.0041259 0.0036207 0.0038103 0.0037486 0.0036491 0.0036444 0.0037879 0.0037475 0.0037897 0.0037757 0.0039748 0.0036200 0.0037464 0.0038709 0.0038273 0.0037048 0.0038168 0.0037968 0.0039462 0.0040829 
ENA_OQ437919_OQ437919_1_SEVERE_ACUTE_RESPIRATORY_SDEER-_-DEER._.   0.0021383 0.0045136 0.0019184 0.0016679 0.0013836 0.0015246 0.0013836 0.0022129 0.0015570 0.0015181 0.0015259 0.0014501 0.0000000 0.0015903 0.0015255 0.0015596 0.0016310 0.0028280 0.0018453 0.0003041 0.0015956 0.0012059 0.0019168 0.0019513 0.0017296 0.0018775 0.0020197 0.0014889 0.0016041 0.0016042 0.0017298 0.0012945 0.0016124 0.0017640 0.0015661 0.0016994 0.0010799 0.0016063 0.0011167 0.0018674 0.0016168 0.0015723 0.0013559 0.0019245 0.0015861 0.0018927 0.0014651 0.0013891 0.0016623 0.0021111 0.0045197 0.0039821 0.0011346 0.0036176 0.0018833 0.0014496 0.0016692 0.0016240 0.0039357 0.0018737 0.0015486 0.0020240 0.0018394 0.0016159 0.0041434 0.0047130 0.0039733 0.0015735 0.0017937 0.0015289 0.0012683 0.0018482 0.0018205 0.0017716 0.0015540 0.0044616 0.0022465 0.0019390 0.0010848 0.0024729 0.0013318 0.0012117 0.0029885 0.0012564 0.0012393 0.0041274 0.0042655 0.0042259 0.0044734 0.0040619 0.0044045 0.0044660 0.0042109 0.0038095 0.0041634 0.0037637 0.0037320 0.0040537 0.0041129 0.0041362 0.0046561 0.0040719 0.0043815 0.0039967 0.0044643 0.0038326 0.0042533 0.0043161 0.0040317 0.0042413 0.0045272 0.0041523 0.0041539 0.0041456 0.0043046 0.0042355 0.0040439 0.0045829 0.0039980 0.0042796 0.0040785 0.0041564 0.0043197 0.0042182 0.0040868 0.0042278 0.0042834 0.0043664 0.0043142 0.0040774 0.0043727 0.0039973 0.0042340 0.0040046 0.0040822 0.0041145 0.0042319 0.0041101 0.0041101 0.0043436 0.0043186 0.0042543 0.0043038 0.0040799 0.0040036 0.0041565 0.0039959 0.0040665 0.0043558 0.0041870 0.0041297 0.0041255 0.0047668 0.0041506 0.0041550 0.0042775 0.0040335 0.0041366 0.0041676 0.0040791 0.0041075 0.0040862 0.0042023 0.0041598 0.0040772 0.0044671 0.0039942 0.0041154 0.0040882 0.0040664 0.0040234 0.0041278 0.0040869 0.0041298 0.0041505 0.0043510 0.0040381 0.0040858 0.0042115 0.0041674 0.0040437 0.0041985 0.0042188 0.0042873 0.0045044 
ENA_OQ437913_OQ437913_1_SEVERE_ACUTE_RESPIRATORY_SDEER-_-DEER._.   0.0018108 0.0043160 0.0017036 0.0013843 0.0012422 0.0013826 0.0012422 0.0020678 0.0015559 0.0001349 0.0012782 0.0001351 0.0015903 0.0000000 0.0014539 0.0013472 0.0014182 0.0026084 0.0017021 0.0014839 0.0013128 0.0007178 0.0017023 0.0018075 0.0014450 0.0019473 0.0018760 0.0013471 0.0014610 0.0014618 0.0015847 0.0011456 0.0013972 0.0015830 0.0013526 0.0015539 0.0010406 0.0013525 0.0010117 0.0017963 0.0015101 0.0013582 0.0013192 0.0018159 0.0013708 0.0017090 0.0013223 0.0011437 0.0016256 0.0019667 0.0042465 0.0037499 0.0009944 0.0033874 0.0016686 0.0004758 0.0014558 0.0011658 0.0035553 0.0016564 0.0014766 0.0019509 0.0018383 0.0016928 0.0039471 0.0043972 0.0037413 0.0015021 0.0017206 0.0013159 0.0011961 0.0016344 0.0018204 0.0016288 0.0004406 0.0042584 0.0020096 0.0017352 0.0009297 0.0025882 0.0013340 0.0009211 0.0026504 0.0010784 0.0009499 0.0036614 0.0039149 0.0038757 0.0041174 0.0037016 0.0040520 0.0040751 0.0038590 0.0035576 0.0038001 0.0033052 0.0033087 0.0037035 0.0037144 0.0037844 0.0043002 0.0036847 0.0040276 0.0036135 0.0040744 0.0034991 0.0038976 0.0039304 0.0036483 0.0037750 0.0041383 0.0037674 0.0036888 0.0037546 0.0039196 0.0038498 0.0035793 0.0041949 0.0036894 0.0038937 0.0036939 0.0038437 0.0039333 0.0037919 0.0037016 0.0038434 0.0038159 0.0038976 0.0039276 0.0037201 0.0039843 0.0035298 0.0038062 0.0035753 0.0036175 0.0037255 0.0038464 0.0037260 0.0037260 0.0039582 0.0039322 0.0038668 0.0039179 0.0036952 0.0036946 0.0037714 0.0036127 0.0036800 0.0039696 0.0038023 0.0037437 0.0037399 0.0043780 0.0037660 0.0037700 0.0038115 0.0036500 0.0036654 0.0037816 0.0036947 0.0036816 0.0037013 0.0037359 0.0036944 0.0036787 0.0040801 0.0036111 0.0037642 0.0037029 0.0036035 0.0035988 0.0037421 0.0037019 0.0037439 0.0037658 0.0039652 0.0035743 0.0037007 0.0038248 0.0037814 0.0036593 0.0037713 0.0037504 0.0039007 0.0040369 
ENA_OQ437926_OQ437926_1_SEVERE_ACUTE_RESPIRATORY_SDEER-_-DEER._.   0.0018555 0.0042917 0.0008518 0.0012408 0.0010299 0.0011694 0.0010301 0.0019295 0.0015616 0.0013819 0.0011721 0.0013497 0.0015255 0.0014539 0.0000000 0.0011344 0.0012046 0.0025404 0.0015647 0.0014192 0.0013883 0.0011053 0.0016358 0.0014505 0.0015932 0.0019542 0.0018096 0.0010645 0.0014665 0.0013595 0.0014086 0.0009934 0.0013300 0.0014795 0.0012858 0.0014503 0.0005137 0.0015401 0.0011227 0.0016566 0.0013710 0.0005802 0.0011781 0.0016419 0.0011896 0.0016102 0.0002035 0.0010359 0.0015119 0.0019358 0.0042222 0.0037621 0.0010683 0.0034369 0.0016021 0.0013132 0.0012420 0.0014877 0.0036416 0.0008642 0.0012239 0.0020305 0.0018800 0.0017747 0.0039226 0.0044499 0.0037536 0.0012508 0.0017628 0.0012490 0.0013490 0.0016031 0.0018625 0.0014916 0.0014176 0.0043128 0.0021629 0.0015801 0.0008803 0.0020059 0.0011198 0.0009252 0.0026972 0.0010465 0.0009177 0.0038282 0.0040051 0.0039657 0.0042093 0.0037929 0.0041422 0.0041660 0.0039490 0.0036132 0.0038927 0.0035237 0.0035307 0.0037926 0.0038065 0.0038746 0.0043917 0.0037741 0.0041181 0.0037019 0.0041644 0.0035542 0.0039890 0.0040193 0.0037368 0.0039421 0.0042281 0.0038564 0.0038553 0.0038450 0.0040083 0.0039391 0.0037454 0.0042846 0.0037781 0.0039825 0.0037828 0.0039338 0.0040223 0.0039204 0.0037906 0.0039318 0.0039835 0.0040275 0.0040173 0.0038124 0.0040745 0.0036969 0.0039352 0.0037036 0.0037837 0.0038921 0.0039357 0.0038147 0.0038147 0.0040470 0.0040212 0.0039187 0.0040074 0.0037841 0.0037834 0.0038605 0.0037011 0.0037692 0.0040586 0.0038913 0.0038329 0.0038291 0.0044682 0.0038549 0.0038590 0.0039780 0.0037385 0.0038340 0.0038709 0.0037834 0.0038098 0.0037902 0.0039029 0.0038610 0.0037708 0.0041695 0.0036995 0.0038550 0.0037919 0.0037690 0.0037265 0.0038313 0.0037908 0.0038331 0.0038548 0.0040541 0.0037401 0.0037896 0.0039143 0.0038707 0.0037480 0.0038615 0.0039182 0.0039897 0.0042042 
ENA_OQ437914_OQ437914_1_SEVERE_ACUTE_RESPIRATORY_SDEER-_-DEER._.   0.0017474 0.0041771 0.0013110 0.0011350 0.0009249 0.0010639 0.0009249 0.0018922 0.0015252 0.0012756 0.0010662 0.0012431 0.0015596 0.0013472 0.0011344 0.0000000 0.0010990 0.0025026 0.0015282 0.0014531 0.0012817 0.0010693 0.0014921 0.0014844 0.0015566 0.0019169 0.0017728 0.0010288 0.0014299 0.0013229 0.0014083 0.0008066 0.0012223 0.0014426 0.0011789 0.0013771 0.0006745 0.0014295 0.0010151 0.0016197 0.0013342 0.0010373 0.0011769 0.0015696 0.0003093 0.0015732 0.0010019 0.0009301 0.0014713 0.0018265 0.0042584 0.0037233 0.0009629 0.0033977 0.0015653 0.0012070 0.0011359 0.0013810 0.0035261 0.0014013 0.0011875 0.0019563 0.0018062 0.0016981 0.0038085 0.0044482 0.0036403 0.0012146 0.0016897 0.0011425 0.0012739 0.0014955 0.0017881 0.0014552 0.0013112 0.0043111 0.0020641 0.0016845 0.0008791 0.0019507 0.0010347 0.0008523 0.0025850 0.0009397 0.0008098 0.0037117 0.0038888 0.0038496 0.0040912 0.0036332 0.0040250 0.0040491 0.0038328 0.0035275 0.0037719 0.0033166 0.0033203 0.0036762 0.0036472 0.0037580 0.0042733 0.0036583 0.0040005 0.0035873 0.0040476 0.0034690 0.0038313 0.0039037 0.0036221 0.0038256 0.0041116 0.0037413 0.0037391 0.0037281 0.0038929 0.0038237 0.0036294 0.0041683 0.0036633 0.0038669 0.0036677 0.0038175 0.0039064 0.0038045 0.0036754 0.0038166 0.0038667 0.0039487 0.0039016 0.0037329 0.0039584 0.0035801 0.0038189 0.0035866 0.0036676 0.0037759 0.0038204 0.0036999 0.0036999 0.0039315 0.0039054 0.0038407 0.0038920 0.0036690 0.0036684 0.0037453 0.0035865 0.0036536 0.0039429 0.0037762 0.0037175 0.0037137 0.0043517 0.0037399 0.0037439 0.0038614 0.0035491 0.0037163 0.0037555 0.0036685 0.0036940 0.0036751 0.0037865 0.0037448 0.0036904 0.0040535 0.0035849 0.0037768 0.0036767 0.0036534 0.0036110 0.0037159 0.0036756 0.0037177 0.0037397 0.0039385 0.0036243 0.0036744 0.0037986 0.0037553 0.0036330 0.0037832 0.0038012 0.0038738 0.0040872 
ENA_OQ437936_OQ437936_1_SEVERE_ACUTE_RESPIRATORY_SDEER-_-DEER._.   0.0017477 0.0041779 0.0013819 0.0009939 0.0008540 0.0009927 0.0007852 0.0019648 0.0015966 0.0013462 0.0009266 0.0013140 0.0016310 0.0014182 0.0012046 0.0010990 0.0000000 0.0025771 0.0015995 0.0015244 0.0013526 0.0010000 0.0014583 0.0015556 0.0015574 0.0019179 0.0018446 0.0008885 0.0015015 0.0013944 0.0013725 0.0007309 0.0011162 0.0015148 0.0012500 0.0013419 0.0007548 0.0015031 0.0010866 0.0016556 0.0014064 0.0010377 0.0012501 0.0017127 0.0011536 0.0016453 0.0010023 0.0007895 0.0015116 0.0017558 0.0042599 0.0037987 0.0009633 0.0034734 0.0016370 0.0012075 0.0009950 0.0014519 0.0036781 0.0014733 0.0002050 0.0019570 0.0017345 0.0017366 0.0039601 0.0044499 0.0037902 0.0002377 0.0017263 0.0012132 0.0013116 0.0014961 0.0017157 0.0015264 0.0013820 0.0042717 0.0019659 0.0015797 0.0008811 0.0022395 0.0010765 0.0008169 0.0025864 0.0009402 0.0008103 0.0036358 0.0038508 0.0038116 0.0040527 0.0035938 0.0039476 0.0040110 0.0038702 0.0034868 0.0037707 0.0032755 0.0032791 0.0035993 0.0036484 0.0037199 0.0042348 0.0036204 0.0039621 0.0035498 0.0040095 0.0034285 0.0038325 0.0038659 0.0035846 0.0037496 0.0040735 0.0037037 0.0036633 0.0036898 0.0038552 0.0037861 0.0035536 0.0041304 0.0036257 0.0038291 0.0036301 0.0037795 0.0038686 0.0037289 0.0036377 0.0037790 0.0037905 0.0038723 0.0038639 0.0036557 0.0039204 0.0035039 0.0037430 0.0035102 0.0035919 0.0037001 0.0037827 0.0036623 0.0036623 0.0038938 0.0038676 0.0038028 0.0038543 0.0036314 0.0036308 0.0037076 0.0036238 0.0036158 0.0039051 0.0037386 0.0036798 0.0036761 0.0043137 0.0037023 0.0037062 0.0037854 0.0035863 0.0036395 0.0037177 0.0036309 0.0036184 0.0036375 0.0037104 0.0036689 0.0035737 0.0040156 0.0035475 0.0037009 0.0036390 0.0035779 0.0035357 0.0036782 0.0036380 0.0036800 0.0037021 0.0039008 0.0035487 0.0036368 0.0038362 0.0037175 0.0035954 0.0037451 0.0037248 0.0038360 0.0040110 
ENA_OQ437943_OQ437943_1_SEVERE_ACUTE_RESPIRATORY_SDEER-_-DEER._.   0.0022873 0.0047496 0.0028732 0.0024694 0.0023221 0.0024667 0.0023224 0.0015643 0.0027229 0.0025335 0.0024692 0.0025029 0.0028280 0.0026084 0.0025404 0.0025026 0.0025771 0.0000000 0.0027221 0.0027178 0.0025415 0.0023232 0.0028712 0.0028332 0.0027511 0.0031633 0.0029749 0.0023577 0.0026293 0.0023351 0.0026204 0.0021833 0.0025690 0.0026150 0.0024791 0.0026273 0.0019946 0.0025828 0.0022861 0.0028357 0.0025024 0.0024864 0.0024028 0.0028466 0.0025843 0.0028512 0.0023764 0.0022638 0.0025142 0.0031514 0.0047560 0.0042154 0.0022827 0.0038516 0.0026898 0.0024650 0.0025405 0.0026425 0.0040933 0.0026900 0.0025809 0.0032247 0.0031063 0.0028919 0.0043781 0.0049170 0.0042063 0.0025994 0.0029057 0.0024762 0.0022521 0.0028416 0.0031003 0.0025734 0.0025707 0.0047125 0.0030328 0.0028062 0.0020570 0.0034810 0.0019843 0.0020287 0.0032181 0.0022760 0.0020501 0.0043249 0.0044612 0.0044214 0.0046721 0.0042612 0.0045983 0.0046644 0.0044072 0.0041860 0.0044065 0.0039713 0.0040689 0.0042497 0.0043544 0.0043325 0.0048553 0.0042684 0.0045795 0.0041912 0.0046626 0.0041237 0.0044519 0.0045123 0.0042262 0.0044390 0.0047250 0.0043475 0.0043511 0.0043440 0.0045004 0.0044312 0.0042408 0.0047804 0.0042681 0.0044758 0.0042737 0.0044301 0.0045162 0.0044149 0.0042823 0.0044233 0.0044815 0.0045651 0.0044343 0.0043556 0.0045699 0.0041955 0.0044314 0.0042031 0.0042791 0.0043878 0.0044275 0.0043050 0.0043050 0.0045396 0.0045151 0.0044509 0.0044995 0.0042750 0.0042741 0.0043519 0.0041903 0.0042626 0.0045523 0.0043823 0.0043256 0.0043212 0.0049646 0.0043458 0.0043504 0.0044754 0.0042280 0.0042588 0.0043635 0.0042741 0.0043039 0.0042814 0.0044000 0.0043570 0.0043188 0.0046639 0.0041886 0.0043887 0.0042078 0.0042625 0.0042192 0.0042476 0.0042823 0.0042496 0.0043457 0.0045472 0.0041583 0.0042054 0.0044078 0.0043632 0.0041630 0.0043959 0.0044174 0.0044840 0.0047030 
ENA_OQ437940_OQ437940_1_SEVERE_ACUTE_RESPIRATORY_SDEER-_-DEER._.   0.0021072 0.0044810 0.0018872 0.0015655 0.0014223 0.0014930 0.0014225 0.0021817 0.0018109 0.0016294 0.0014944 0.0015976 0.0018453 0.0017021 0.0015647 0.0015282 0.0015995 0.0027221 0.0000000 0.0017380 0.0016366 0.0013519 0.0018144 0.0018488 0.0018421 0.0022059 0.0020601 0.0014573 0.0017168 0.0006177 0.0016245 0.0013350 0.0015806 0.0003093 0.0015345 0.0017037 0.0010845 0.0017970 0.0013015 0.0019102 0.0004830 0.0015405 0.0015062 0.0019289 0.0015910 0.0018613 0.0014332 0.0014307 0.0018694 0.0021893 0.0043357 0.0040267 0.0013142 0.0036238 0.0007184 0.0015607 0.0016378 0.0017359 0.0039053 0.0018420 0.0016252 0.0022145 0.0019910 0.0018892 0.0041496 0.0045638 0.0040178 0.0016497 0.0019081 0.0014263 0.0016472 0.0018535 0.0019368 0.0006132 0.0016655 0.0043459 0.0024013 0.0020046 0.0011421 0.0023026 0.0015529 0.0011050 0.0029576 0.0010802 0.0011327 0.0040190 0.0041970 0.0041574 0.0044041 0.0039501 0.0043357 0.0044357 0.0041418 0.0038603 0.0040118 0.0036467 0.0036553 0.0039849 0.0039631 0.0040673 0.0045869 0.0039654 0.0043124 0.0038912 0.0043550 0.0037181 0.0041838 0.0042860 0.0040014 0.0041330 0.0044969 0.0041220 0.0040457 0.0040381 0.0042745 0.0042053 0.0039357 0.0044767 0.0040431 0.0042493 0.0039351 0.0042022 0.0042894 0.0041484 0.0040564 0.0041976 0.0041748 0.0042576 0.0042840 0.0039674 0.0043425 0.0038884 0.0041640 0.0038954 0.0039740 0.0040825 0.0042017 0.0040799 0.0040799 0.0043135 0.0042883 0.0041456 0.0042736 0.0040496 0.0040488 0.0041263 0.0039656 0.0040360 0.0043257 0.0041569 0.0040993 0.0040952 0.0046606 0.0041204 0.0041247 0.0041691 0.0040032 0.0040270 0.0041373 0.0040488 0.0039995 0.0040558 0.0040939 0.0040515 0.0039650 0.0044370 0.0039639 0.0041215 0.0040578 0.0039586 0.0039536 0.0040975 0.0040566 0.0040995 0.0041202 0.0043209 0.0039301 0.0040555 0.0041812 0.0041370 0.0040134 0.0041679 0.0040333 0.0042570 0.0043959 
ENA_OQ437937_OQ437937_1_SEVERE_ACUTE_RESPIRATORY_SDEER-_-DEER._.   0.0020300 0.0043988 0.0018106 0.0015611 0.0012776 0.0014182 0.0012776 0.0021041 0.0014506 0.0014121 0.0014194 0.0013440 0.0003041 0.0014839 0.0014192 0.0014531 0.0015244 0.0027178 0.0017380 0.0000000 0.0014891 0.0011005 0.0018093 0.0018435 0.0016229 0.0017701 0.0019121 0.0013827 0.0014969 0.0014969 0.0016211 0.0012580 0.0015045 0.0016553 0.0014590 0.0015537 0.0010398 0.0014965 0.0010822 0.0017968 0.0015463 0.0014650 0.0012827 0.0018521 0.0014778 0.0017845 0.0013582 0.0013195 0.0015842 0.0020022 0.0044048 0.0038685 0.0010296 0.0035042 0.0017756 0.0013437 0.0015622 0.0015177 0.0038224 0.0017648 0.0014405 0.0018415 0.0017292 0.0015417 0.0040292 0.0045959 0.0038599 0.0014662 0.0015771 0.0014222 0.0012326 0.0017406 0.0016734 0.0016646 0.0014479 0.0044243 0.0021041 0.0017833 0.0009806 0.0023591 0.0012056 0.0011017 0.0028763 0.0011495 0.0011300 0.0040114 0.0041498 0.0041103 0.0043559 0.0039429 0.0042879 0.0043496 0.0040949 0.0037258 0.0040431 0.0036396 0.0036061 0.0039378 0.0039941 0.0040200 0.0045384 0.0039565 0.0042644 0.0038825 0.0043479 0.0037493 0.0041359 0.0042010 0.0039174 0.0041253 0.0044111 0.0040376 0.0040382 0.0040291 0.0041897 0.0041206 0.0039282 0.0044671 0.0038838 0.0041644 0.0039639 0.0040407 0.0042043 0.0041027 0.0039720 0.0041130 0.0041671 0.0042497 0.0041990 0.0039984 0.0042570 0.0038809 0.0041181 0.0038880 0.0039665 0.0039989 0.0041171 0.0039956 0.0039956 0.0042286 0.0042032 0.0041388 0.0041888 0.0039652 0.0038892 0.0040417 0.0038817 0.0039513 0.0042405 0.0040724 0.0040147 0.0040106 0.0046508 0.0040360 0.0040402 0.0041614 0.0039192 0.0040193 0.0040526 0.0039645 0.0039921 0.0039715 0.0040862 0.0040440 0.0039584 0.0043516 0.0038800 0.0039998 0.0039734 0.0039511 0.0039083 0.0040129 0.0039722 0.0040148 0.0040359 0.0042358 0.0039226 0.0039710 0.0040963 0.0040524 0.0039291 0.0040826 0.0041023 0.0041719 0.0043879 
