185
MN908947_WUHAN_HU_1_2019_                               0.0000000 0.0028751 0.0020862 0.0017654 0.0016229 0.0016936 0.0015537 0.0017320 0.0020812 0.0018294 0.0016255 0.0017983 0.0021152 0.0017921 0.0018351 0.0017287 0.0017289 0.0022611 0.0020840 0.0020087 0.0018361 0.0015545 0.0020142 0.0021897 0.0020416 0.0024019 0.0023283 0.0016582 0.0020249 0.0017393 0.0019724 0.0015556 0.0017126 0.0019698 0.0017015 0.0017994 0.0014036 0.0019656 0.0015783 0.0021470 0.0018621 0.0016717 0.0017149 0.0022000 0.0017951 0.0021315 0.0017066 0.0015628 0.0018530 0.0022430 0.0028079 0.0022650 0.0014463 0.0019511 0.0020859 0.0017630 0.0018373 0.0019361 0.0021529 0.0020780 0.0018280 0.0024860 0.0022641 0.0021752 0.0025929 0.0029660 0.0022593 0.0018511 0.0022173 0.0016994 0.0015587 0.0019834 0.0022505 0.0020106 0.0018652 0.0029343 0.0017076 0.0020887 0.0014561 0.0026308 0.0016652 0.0012453 0.0012842 0.0013582 0.0012723 0.0025699 0.0027077 0.0027077 0.0029286 0.0025384 0.0028328 0.0028963 0.0027957 0.0023873 0.0026636 0.0021838 0.0022155 0.0025350 0.0025583 0.0026125 0.0030676 0.0025229 0.0028058 0.0024642 0.0028596 0.0023363 0.0027117 0.0026910 0.0024981 0.0026805 0.0029247 0.0026114 0.0025991 0.0025814 0.0027213 0.0026890 0.0024924 0.0029832 0.0025369 0.0026931 0.0025397 0.0026750 0.0027306 0.0026652 0.0025454 0.0026481 0.0027186 0.0027960 0.0027631 0.0025739 0.0028139 0.0024749 0.0026755 0.0024793 0.0025297 0.0026350 0.0026865 0.0025726 0.0025726 0.0027583 0.0027298 0.0027013 0.0027566 0.0025407 0.0025405 0.0026140 0.0025356 0.0025201 0.0027670 0.0026459 0.0025846 0.0025821 0.0031613 0.0026103 0.0026132 0.0026788 0.0024996 0.0025636 0.0026210 0.0025408 0.0025582 0.0025452 0.0026425 0.0026034 0.0025993 0.0028736 0.0024624 0.0026357 0.0025464 0.0025196 0.0024801 0.0025835 0.0025454 0.0025847 0.0026100 0.0027637 0.0024893 0.0025446 0.0027341 0.0026211 0.0025059 0.0026407 0.0026525 0.0026979 0.0028971 
ENA_OQ437945_OQ437945_1_SEVERE_ACUTE_RESPIRATORY_Sdeer  0.0028751 0.0000000 0.0043483 0.0042318 0.0040794 0.0041542 0.0040808 0.0041252 0.0044498 0.0042930 0.0040855 0.0042658 0.0044470 0.0042526 0.0042297 0.0041172 0.0041177 0.0046786 0.0044153 0.0043347 0.0043064 0.0040104 0.0044205 0.0044919 0.0045157 0.0047140 0.0046713 0.0041164 0.0043649 0.0040625 0.0042622 0.0040736 0.0042020 0.0043318 0.0041761 0.0042784 0.0038732 0.0043986 0.0040731 0.0045539 0.0042575 0.0041878 0.0041488 0.0045515 0.0041543 0.0045576 0.0040007 0.0041059 0.0044062 0.0048278 0.0026397 0.0028247 0.0039652 0.0027967 0.0044600 0.0041154 0.0043090 0.0043672 0.0027108 0.0042581 0.0041857 0.0046913 0.0045685 0.0044111 0.0005419 0.0028296 0.0027465 0.0041935 0.0044759 0.0041321 0.0036707 0.0045444 0.0045773 0.0044126 0.0043314 0.0028760 0.0038067 0.0050450 0.0040605 0.0052758 0.0043297 0.0036892 0.0037670 0.0039036 0.0037376 0.0047902 0.0049258 0.0049255 0.0051812 0.0047872 0.0050686 0.0052034 0.0049537 0.0047827 0.0048531 0.0045290 0.0044670 0.0047575 0.0048725 0.0048397 0.0053240 0.0048092 0.0050502 0.0047275 0.0050868 0.0046768 0.0049638 0.0049709 0.0047615 0.0049034 0.0052260 0.0048832 0.0048146 0.0048896 0.0049990 0.0049669 0.0047060 0.0052375 0.0048037 0.0049761 0.0048098 0.0049703 0.0050164 0.0048764 0.0048199 0.0049222 0.0049459 0.0050290 0.0050458 0.0047521 0.0051081 0.0047046 0.0048949 0.0046733 0.0047444 0.0048510 0.0049627 0.0048404 0.0048404 0.0050380 0.0050150 0.0049115 0.0050341 0.0048115 0.0048105 0.0048880 0.0047264 0.0048029 0.0050526 0.0049174 0.0048634 0.0048586 0.0054594 0.0048812 0.0048864 0.0049027 0.0047638 0.0047679 0.0049006 0.0048108 0.0047674 0.0048186 0.0048647 0.0048212 0.0048002 0.0051624 0.0047243 0.0048521 0.0048216 0.0047256 0.0046822 0.0048612 0.0048195 0.0048633 0.0048809 0.0050466 0.0046995 0.0048187 0.0049458 0.0049005 0.0047760 0.0049011 0.0048840 0.0049853 0.0051281 
ENA_OQ437954_OQ437954_1_SEVERE_ACUTE_RESPIRATORY_Sdeer  0.0020862 0.0043483 0.0000000 0.0014755 0.0012309 0.0014046 0.0012659 0.0022290 0.0018654 0.0016157 0.0014075 0.0015840 0.0018993 0.0016870 0.0008478 0.0013004 0.0013703 0.0028361 0.0018681 0.0017934 0.0016219 0.0014111 0.0018688 0.0017550 0.0018262 0.0022550 0.0021115 0.0013344 0.0017720 0.0016650 0.0016464 0.0011733 0.0014956 0.0017875 0.0015218 0.0017242 0.0007894 0.0017777 0.0013619 0.0019645 0.0016086 0.0008195 0.0015299 0.0019091 0.0013586 0.0019140 0.0007161 0.0012733 0.0017291 0.0020956 0.0042774 0.0039707 0.0013035 0.0036498 0.0018351 0.0015483 0.0014765 0.0016508 0.0037776 0.0011046 0.0014626 0.0023007 0.0021521 0.0020219 0.0039458 0.0045035 0.0038880 0.0014876 0.0020345 0.0014853 0.0015952 0.0017649 0.0021374 0.0017943 0.0016512 0.0044153 0.0024670 0.0019247 0.0011867 0.0023188 0.0013636 0.0010995 0.0029212 0.0012856 0.0011264 0.0039283 0.0041783 0.0041394 0.0043832 0.0039759 0.0043148 0.0043369 0.0041245 0.0038862 0.0040707 0.0036409 0.0036496 0.0039683 0.0039452 0.0040498 0.0045616 0.0039491 0.0042911 0.0038760 0.0043357 0.0037458 0.0041654 0.0041904 0.0039100 0.0040411 0.0043979 0.0040290 0.0039546 0.0039460 0.0041787 0.0041108 0.0038464 0.0044521 0.0039512 0.0041538 0.0039559 0.0041072 0.0041932 0.0040185 0.0039645 0.0041030 0.0040819 0.0041254 0.0041881 0.0038013 0.0042464 0.0037998 0.0040339 0.0038067 0.0038846 0.0039910 0.0041072 0.0039876 0.0039876 0.0042171 0.0041920 0.0040923 0.0041783 0.0039574 0.0039567 0.0040330 0.0038751 0.0039443 0.0042297 0.0040635 0.0040065 0.0040025 0.0046330 0.0040274 0.0040317 0.0040759 0.0039121 0.0039364 0.0040436 0.0039570 0.0039098 0.0039637 0.0040023 0.0039605 0.0038356 0.0043386 0.0038733 0.0039545 0.0039659 0.0038691 0.0038270 0.0040047 0.0039643 0.0040065 0.0040270 0.0042246 0.0038412 0.0039634 0.0040872 0.0040436 0.0039220 0.0040360 0.0040180 0.0041614 0.0042994 
ENA_OQ437980_OQ437980_1_SEVERE_ACUTE_RESPIRATORY_Sdeer  0.0017654 0.0042318 0.0014755 0.0000000 0.0006087 0.0007450 0.0005408 0.0019793 0.0016173 0.0013010 0.0009549 0.0012692 0.0016512 0.0013719 0.0012306 0.0011263 0.0009872 0.0024397 0.0015498 0.0015461 0.0013062 0.0010971 0.0015504 0.0015082 0.0015094 0.0018648 0.0017217 0.0006089 0.0015236 0.0013476 0.0013956 0.0005448 0.0012124 0.0014661 0.0012755 0.0013658 0.0007113 0.0014537 0.0010786 0.0017121 0.0013594 0.0010657 0.0012407 0.0016618 0.0011811 0.0016650 0.0011001 0.0004073 0.0014966 0.0018441 0.0043126 0.0037113 0.0009912 0.0033561 0.0015867 0.0012336 0.0010921 0.0014054 0.0035926 0.0013553 0.0010726 0.0019729 0.0017912 0.0017202 0.0038688 0.0045016 0.0036675 0.0011001 0.0017462 0.0012392 0.0012266 0.0015187 0.0017001 0.0014779 0.0013362 0.0042882 0.0018933 0.0016700 0.0009262 0.0020975 0.0010695 0.0008833 0.0025910 0.0009691 0.0008057 0.0037014 0.0038765 0.0038379 0.0040769 0.0036247 0.0039721 0.0040337 0.0038958 0.0035235 0.0037995 0.0033556 0.0033610 0.0036279 0.0036788 0.0037471 0.0042549 0.0036486 0.0039860 0.0035785 0.0040326 0.0034657 0.0038593 0.0038904 0.0036125 0.0038139 0.0040955 0.0037303 0.0037282 0.0037181 0.0038793 0.0038114 0.0036202 0.0041506 0.0036532 0.0038538 0.0036575 0.0038054 0.0038928 0.0037925 0.0036655 0.0038041 0.0038543 0.0039349 0.0038881 0.0036852 0.0039449 0.0035722 0.0038071 0.0035786 0.0036583 0.0037645 0.0038080 0.0036895 0.0036895 0.0039175 0.0038916 0.0038290 0.0038790 0.0036589 0.0036583 0.0037341 0.0036513 0.0036442 0.0039293 0.0037649 0.0037069 0.0037033 0.0043310 0.0037289 0.0037329 0.0038487 0.0036145 0.0037069 0.0037439 0.0036587 0.0036841 0.0036649 0.0037752 0.0037339 0.0036815 0.0039612 0.0035759 0.0037655 0.0036669 0.0036437 0.0036020 0.0037053 0.0036653 0.0037069 0.0037285 0.0039246 0.0036154 0.0036644 0.0038612 0.0037439 0.0036236 0.0037716 0.0037900 0.0038608 0.0040714 
ENA_OQ437956_OQ437956_1_SEVERE_ACUTE_RESPIRATORY_Sdeer  0.0016229 0.0040794 0.0012309 0.0006087 0.0000000 0.0004043 0.0002018 0.0017660 0.0013373 0.0011615 0.0008166 0.0011294 0.0013712 0.0012319 0.0010225 0.0009188 0.0008489 0.0022953 0.0014089 0.0012668 0.0011659 0.0009578 0.0014095 0.0013680 0.0013691 0.0017218 0.0016502 0.0005061 0.0013121 0.0012067 0.0012531 0.0002168 0.0010714 0.0013232 0.0010656 0.0012589 0.0005915 0.0012726 0.0008673 0.0014275 0.0012172 0.0009261 0.0010606 0.0014844 0.0009698 0.0013827 0.0008912 0.0004069 0.0013013 0.0017012 0.0040859 0.0035606 0.0008178 0.0032413 0.0014455 0.0010941 0.0008847 0.0012654 0.0034427 0.0012837 0.0009319 0.0018288 0.0016825 0.0015700 0.0037180 0.0043079 0.0035524 0.0009604 0.0015673 0.0010296 0.0011532 0.0013422 0.0016634 0.0013374 0.0011965 0.0040885 0.0013768 0.0013594 0.0006146 0.0018700 0.0009444 0.0007402 0.0024438 0.0008287 0.0006640 0.0035489 0.0037240 0.0036856 0.0039221 0.0034678 0.0038186 0.0038805 0.0036677 0.0033181 0.0035244 0.0031918 0.0031955 0.0034755 0.0034835 0.0035942 0.0040998 0.0034969 0.0038319 0.0034283 0.0038794 0.0032616 0.0037046 0.0037388 0.0034623 0.0036612 0.0039426 0.0035796 0.0035760 0.0035649 0.0037281 0.0036601 0.0034682 0.0039981 0.0035028 0.0037022 0.0035069 0.0036529 0.0037410 0.0036406 0.0035145 0.0036531 0.0037012 0.0037814 0.0037365 0.0035304 0.0037925 0.0034192 0.0036546 0.0034254 0.0035062 0.0036123 0.0036569 0.0035390 0.0035390 0.0037661 0.0037399 0.0036770 0.0037278 0.0035082 0.0035077 0.0035832 0.0034276 0.0034927 0.0037775 0.0036141 0.0035557 0.0035522 0.0041783 0.0035782 0.0035820 0.0036959 0.0034642 0.0035527 0.0035926 0.0035080 0.0035323 0.0035140 0.0036226 0.0035815 0.0035253 0.0038095 0.0034259 0.0036132 0.0035159 0.0034922 0.0034508 0.0035542 0.0035144 0.0035557 0.0035778 0.0037730 0.0034636 0.0035135 0.0036353 0.0035926 0.0034730 0.0036191 0.0036367 0.0037089 0.0039181 
ENA_OQ437977_OQ437977_1_SEVERE_ACUTE_RESPIRATORY_Sdeer  0.0016936 0.0041542 0.0014046 0.0007450 0.0004043 0.0000000 0.0004044 0.0019070 0.0015461 0.0012998 0.0009541 0.0012680 0.0015103 0.0013706 0.0011604 0.0010564 0.0009863 0.0024376 0.0014786 0.0014056 0.0013050 0.0010960 0.0015490 0.0014374 0.0015080 0.0019334 0.0017202 0.0006420 0.0014521 0.0013464 0.0013589 0.0003982 0.0012113 0.0013941 0.0012047 0.0013652 0.0007508 0.0014523 0.0009724 0.0015689 0.0013581 0.0010647 0.0012395 0.0016603 0.0011099 0.0015229 0.0010297 0.0005434 0.0014571 0.0018424 0.0041607 0.0035615 0.0009903 0.0032420 0.0015852 0.0011633 0.0010222 0.0014041 0.0035165 0.0014244 0.0010716 0.0018998 0.0017533 0.0016065 0.0037918 0.0043842 0.0035532 0.0010991 0.0016386 0.0011685 0.0012991 0.0015173 0.0017349 0.0014766 0.0013350 0.0042452 0.0015635 0.0015645 0.0007698 0.0019269 0.0010274 0.0008110 0.0025163 0.0009682 0.0007342 0.0035852 0.0037622 0.0037238 0.0039609 0.0035052 0.0038570 0.0039169 0.0037061 0.0033985 0.0036017 0.0032313 0.0032351 0.0035119 0.0035599 0.0036306 0.0041366 0.0035330 0.0038685 0.0034641 0.0039158 0.0033415 0.0037414 0.0037749 0.0034982 0.0036976 0.0039789 0.0036155 0.0036123 0.0036014 0.0037641 0.0036961 0.0035044 0.0039600 0.0035386 0.0037383 0.0035428 0.0036148 0.0037771 0.0036768 0.0035505 0.0036891 0.0037376 0.0037805 0.0037726 0.0035673 0.0038288 0.0034557 0.0036909 0.0034620 0.0035425 0.0036486 0.0036929 0.0035748 0.0035748 0.0038021 0.0037760 0.0036761 0.0037637 0.0035442 0.0035436 0.0036192 0.0034634 0.0035288 0.0038136 0.0036500 0.0035917 0.0035882 0.0041401 0.0036141 0.0036180 0.0037322 0.0035001 0.0035894 0.0036287 0.0035439 0.0035685 0.0035500 0.0036589 0.0036178 0.0035625 0.0038455 0.0034617 0.0036123 0.0035519 0.0035283 0.0034868 0.0035902 0.0035504 0.0035918 0.0036137 0.0038091 0.0034998 0.0035495 0.0036714 0.0036287 0.0035089 0.0036554 0.0036732 0.0037450 0.0039545 
ENA_OQ437920_OQ437920_1_SEVERE_ACUTE_RESPIRATORY_Sdeer  0.0015537 0.0040808 0.0012659 0.0005408 0.0002018 0.0004044 0.0000000 0.0017660 0.0013374 0.0011617 0.0007481 0.0011294 0.0013713 0.0012319 0.0010227 0.0009189 0.0007808 0.0022956 0.0014091 0.0012668 0.0011662 0.0008888 0.0013399 0.0013681 0.0012998 0.0016520 0.0016505 0.0004384 0.0013122 0.0012067 0.0012534 0.0001806 0.0010017 0.0013237 0.0010656 0.0011882 0.0005918 0.0013088 0.0008673 0.0014278 0.0012172 0.0008570 0.0010250 0.0015202 0.0009699 0.0013827 0.0008913 0.0003389 0.0012626 0.0016308 0.0040871 0.0035619 0.0007840 0.0032420 0.0014455 0.0010943 0.0008848 0.0012656 0.0034439 0.0012839 0.0008625 0.0018290 0.0016115 0.0014956 0.0037185 0.0042714 0.0035536 0.0008913 0.0015676 0.0010299 0.0011168 0.0013080 0.0015908 0.0013376 0.0011967 0.0040500 0.0014232 0.0012581 0.0005631 0.0018141 0.0009030 0.0006693 0.0023715 0.0007591 0.0005937 0.0034744 0.0036497 0.0036113 0.0038466 0.0033917 0.0037437 0.0038058 0.0036682 0.0032791 0.0035641 0.0031128 0.0031146 0.0034012 0.0034465 0.0035195 0.0040243 0.0034228 0.0037567 0.0033550 0.0038047 0.0032228 0.0036292 0.0036649 0.0033890 0.0035867 0.0038681 0.0035060 0.0035017 0.0034901 0.0036543 0.0035864 0.0033939 0.0039239 0.0034293 0.0036282 0.0034333 0.0035786 0.0036670 0.0035665 0.0034408 0.0035795 0.0036266 0.0036681 0.0036626 0.0034160 0.0037183 0.0033445 0.0035802 0.0033505 0.0034319 0.0035380 0.0035831 0.0034655 0.0034655 0.0036923 0.0036659 0.0035648 0.0036540 0.0034346 0.0034341 0.0035095 0.0034275 0.0034187 0.0037035 0.0035405 0.0034818 0.0034784 0.0041039 0.0035046 0.0035084 0.0036213 0.0033908 0.0034774 0.0035188 0.0034345 0.0034583 0.0034403 0.0035481 0.0035072 0.0034490 0.0037355 0.0033526 0.0035007 0.0034421 0.0034182 0.0033769 0.0034804 0.0034407 0.0034819 0.0035042 0.0036991 0.0033895 0.0034398 0.0036353 0.0035188 0.0033994 0.0035065 0.0035619 0.0036348 0.0038433 
ENA_OQ437934_OQ437934_1_SEVERE_ACUTE_RESPIRATORY_Sdeer  0.0017320 0.0041252 0.0022290 0.0019793 0.0017660 0.0019070 0.0017660 0.0000000 0.0021196 0.0019736 0.0018384 0.0019424 0.0021886 0.0020460 0.0019080 0.0018714 0.0019427 0.0015493 0.0021575 0.0020817 0.0019798 0.0016963 0.0021585 0.0022634 0.0021853 0.0025475 0.0024025 0.0018009 0.0020633 0.0018118 0.0020479 0.0017835 0.0019277 0.0020454 0.0018459 0.0019812 0.0015255 0.0021129 0.0017221 0.0022588 0.0019358 0.0018150 0.0018253 0.0022014 0.0019401 0.0022065 0.0017442 0.0017759 0.0020907 0.0025319 0.0041316 0.0036051 0.0016582 0.0032834 0.0021958 0.0019062 0.0019807 0.0020798 0.0034867 0.0021167 0.0019367 0.0025972 0.0024478 0.0023662 0.0037621 0.0043518 0.0035966 0.0019589 0.0021839 0.0018077 0.0018204 0.0021971 0.0024359 0.0020839 0.0020096 0.0041761 0.0026604 0.0023517 0.0016646 0.0029765 0.0018396 0.0014619 0.0026295 0.0016442 0.0014510 0.0036653 0.0038391 0.0038006 0.0040391 0.0036647 0.0039697 0.0040352 0.0037839 0.0035153 0.0037153 0.0033122 0.0034036 0.0036288 0.0037156 0.0036673 0.0041740 0.0036499 0.0039056 0.0035797 0.0040341 0.0034577 0.0037786 0.0038918 0.0036138 0.0037779 0.0040970 0.0037317 0.0036922 0.0037194 0.0038807 0.0038127 0.0035842 0.0041521 0.0036545 0.0038552 0.0036588 0.0037321 0.0038942 0.0037939 0.0036668 0.0038055 0.0038182 0.0038988 0.0038153 0.0037245 0.0039464 0.0034974 0.0038085 0.0035037 0.0036223 0.0037286 0.0038094 0.0036908 0.0036908 0.0039189 0.0038930 0.0038303 0.0038804 0.0036602 0.0036596 0.0037355 0.0035790 0.0036455 0.0039307 0.0037663 0.0037082 0.0037046 0.0043327 0.0037302 0.0036603 0.0038126 0.0036157 0.0036316 0.0037453 0.0036600 0.0036854 0.0036662 0.0037392 0.0036979 0.0036052 0.0040393 0.0035772 0.0037669 0.0036682 0.0036078 0.0036032 0.0037067 0.0036666 0.0037083 0.0037298 0.0039261 0.0035794 0.0036657 0.0037883 0.0037453 0.0036249 0.0037356 0.0037152 0.0038622 0.0040354 
ENA_OQ437917_OQ437917_1_SEVERE_ACUTE_RESPIRATORY_Sdeer  0.0020812 0.0044498 0.0018654 0.0016173 0.0013373 0.0015461 0.0013374 0.0021196 0.0000000 0.0014713 0.0014780 0.0014396 0.0015430 0.0015422 0.0015468 0.0015111 0.0015813 0.0026881 0.0017934 0.0014383 0.0015466 0.0011982 0.0017940 0.0018631 0.0016101 0.0007124 0.0020360 0.0014413 0.0015552 0.0015907 0.0016784 0.0012866 0.0015632 0.0016055 0.0014831 0.0016486 0.0010330 0.0015219 0.0011461 0.0018524 0.0015689 0.0014530 0.0013105 0.0018365 0.0015732 0.0018388 0.0014175 0.0014151 0.0016106 0.0021618 0.0044939 0.0039646 0.0010922 0.0036443 0.0018307 0.0014031 0.0015844 0.0015409 0.0038452 0.0018195 0.0016065 0.0020055 0.0018586 0.0017166 0.0040860 0.0046860 0.0039556 0.0016306 0.0017433 0.0014814 0.0014058 0.0017630 0.0018412 0.0017199 0.0015065 0.0044434 0.0022689 0.0019782 0.0010804 0.0024994 0.0012807 0.0010601 0.0028750 0.0012473 0.0010513 0.0039179 0.0041299 0.0040554 0.0043338 0.0038104 0.0042659 0.0042881 0.0040757 0.0037582 0.0039476 0.0035094 0.0035166 0.0039203 0.0038623 0.0040016 0.0045118 0.0039014 0.0042420 0.0038289 0.0042868 0.0036591 0.0041164 0.0041423 0.0038628 0.0040304 0.0043490 0.0039814 0.0039068 0.0039356 0.0041307 0.0040629 0.0037988 0.0044033 0.0039038 0.0041058 0.0039085 0.0040590 0.0041450 0.0040075 0.0039170 0.0040552 0.0040336 0.0041145 0.0041400 0.0038291 0.0041980 0.0037520 0.0040233 0.0037588 0.0038743 0.0039805 0.0040594 0.0039401 0.0039401 0.0041690 0.0041438 0.0040816 0.0041304 0.0039100 0.0039093 0.0039854 0.0038280 0.0038966 0.0041814 0.0040159 0.0039588 0.0039549 0.0045838 0.0039794 0.0039841 0.0040277 0.0038649 0.0038879 0.0039958 0.0039096 0.0038622 0.0039162 0.0039918 0.0039501 0.0038251 0.0042901 0.0038262 0.0039815 0.0039184 0.0038589 0.0038169 0.0039571 0.0039167 0.0039588 0.0039795 0.0041765 0.0038310 0.0039159 0.0040392 0.0039958 0.0038747 0.0040224 0.0039697 0.0041133 0.0042506 
ENA_OQ437916_OQ437916_1_SEVERE_ACUTE_RESPIRATORY_Sdeer  0.0018294 0.0042930 0.0016157 0.0013010 0.0011615 0.0012998 0.0011617 0.0019736 0.0014713 0.0000000 0.0011975 0.0000010 0.0015051 0.0001346 0.0013699 0.0012652 0.0013348 0.0025028 0.0016140 0.0014007 0.0012312 0.0006451 0.0016147 0.0017192 0.0013632 0.0018569 0.0017866 0.0012649 0.0013772 0.0013777 0.0014978 0.0010618 0.0013142 0.0014961 0.0012710 0.0014678 0.0009519 0.0012685 0.0009339 0.0017061 0.0014249 0.0012752 0.0012361 0.0017271 0.0012874 0.0016211 0.0012400 0.0010643 0.0015305 0.0018740 0.0042255 0.0037731 0.0009181 0.0034172 0.0016159 0.0004057 0.0013716 0.0011223 0.0035815 0.0015677 0.0013912 0.0018583 0.0017479 0.0016023 0.0039306 0.0043745 0.0037644 0.0014167 0.0016335 0.0012348 0.0011127 0.0015482 0.0017295 0.0015422 0.0003029 0.0042392 0.0019851 0.0016133 0.0008197 0.0025557 0.0012376 0.0008438 0.0026548 0.0010003 0.0008728 0.0036885 0.0039388 0.0039003 0.0041397 0.0037290 0.0040733 0.0040960 0.0038836 0.0035928 0.0038270 0.0033439 0.0033491 0.0037292 0.0037432 0.0038099 0.0043174 0.0037113 0.0040488 0.0036407 0.0040948 0.0035347 0.0039226 0.0039524 0.0036746 0.0038008 0.0041575 0.0037924 0.0037153 0.0037812 0.0039412 0.0038734 0.0036076 0.0042122 0.0037153 0.0039158 0.0037197 0.0038679 0.0039548 0.0038167 0.0037278 0.0038660 0.0038410 0.0039214 0.0039501 0.0037480 0.0040071 0.0035597 0.0038313 0.0035661 0.0036456 0.0037516 0.0038700 0.0037515 0.0037515 0.0039793 0.0039536 0.0038912 0.0039408 0.0037211 0.0037205 0.0037963 0.0036399 0.0037068 0.0039912 0.0038269 0.0037692 0.0037655 0.0043924 0.0037909 0.0037950 0.0038354 0.0036766 0.0036939 0.0038062 0.0037209 0.0037085 0.0037271 0.0037622 0.0037210 0.0036684 0.0040996 0.0036381 0.0037897 0.0037292 0.0036311 0.0036265 0.0037676 0.0037276 0.0037693 0.0037906 0.0039865 0.0036028 0.0037267 0.0038492 0.0038062 0.0036859 0.0037959 0.0037769 0.0039229 0.0040576 
ENA_OQ437932_OQ437932_1_SEVERE_ACUTE_RESPIRATORY_Sdeer  0.0016255 0.0040855 0.0014075 0.0009549 0.0008166 0.0009541 0.0007481 0.0018384 0.0014780 0.0011975 0.0000000 0.0011992 0.0015120 0.0012678 0.0011630 0.0010586 0.0009205 0.0024405 0.0014804 0.0014071 0.0012370 0.0009576 0.0006472 0.0015100 0.0014400 0.0017949 0.0017221 0.0008508 0.0013837 0.0012764 0.0013620 0.0007280 0.0011087 0.0013234 0.0010658 0.0011885 0.0007512 0.0013799 0.0009721 0.0014633 0.0012885 0.0009976 0.0011317 0.0015205 0.0011110 0.0015244 0.0010320 0.0007515 0.0013787 0.0017006 0.0041659 0.0036394 0.0008536 0.0033149 0.0015170 0.0010609 0.0010943 0.0013363 0.0035209 0.0014276 0.0010038 0.0019005 0.0016846 0.0016448 0.0037964 0.0042705 0.0036309 0.0010315 0.0016412 0.0011004 0.0012258 0.0013068 0.0016655 0.0014086 0.0012326 0.0042093 0.0019894 0.0014622 0.0008744 0.0019848 0.0010697 0.0006690 0.0024453 0.0008293 0.0006643 0.0035519 0.0037271 0.0036894 0.0039261 0.0033559 0.0037469 0.0038837 0.0037468 0.0033573 0.0035669 0.0031139 0.0030732 0.0034040 0.0035238 0.0035972 0.0040278 0.0034998 0.0037599 0.0034312 0.0038080 0.0033007 0.0037076 0.0037419 0.0034652 0.0036643 0.0038714 0.0035825 0.0035790 0.0035674 0.0036574 0.0036632 0.0034711 0.0039272 0.0035057 0.0036313 0.0035098 0.0036560 0.0036700 0.0036437 0.0035175 0.0035825 0.0037043 0.0037846 0.0037396 0.0035713 0.0037957 0.0033837 0.0036577 0.0033898 0.0035092 0.0036153 0.0036599 0.0035419 0.0035419 0.0036954 0.0036689 0.0036801 0.0037309 0.0035111 0.0035106 0.0035862 0.0035039 0.0034956 0.0037066 0.0036171 0.0035586 0.0035551 0.0041074 0.0035811 0.0035850 0.0036244 0.0034671 0.0035170 0.0035956 0.0035109 0.0035353 0.0035169 0.0036256 0.0035846 0.0034128 0.0037386 0.0034287 0.0036163 0.0035188 0.0034951 0.0034537 0.0035571 0.0035173 0.0035587 0.0035807 0.0037022 0.0034665 0.0035165 0.0037125 0.0035956 0.0034759 0.0035477 0.0036013 0.0036379 0.0038466 
ENA_OQ437923_OQ437923_1_SEVERE_ACUTE_RESPIRATORY_Sdeer  0.0017983 0.0042658 0.0015840 0.0012692 0.0011294 0.0012680 0.0011294 0.0019424 0.0014396 0.0000010 0.0011992 0.0000000 0.0014381 0.0001349 0.0013382 0.0012332 0.0013030 0.0024727 0.0015826 0.0013336 0.0011992 0.0006462 0.0015831 0.0016878 0.0013313 0.0018258 0.0017554 0.0012331 0.0013453 0.0013796 0.0014658 0.0010625 0.0012819 0.0014640 0.0012388 0.0014353 0.0009519 0.0012700 0.0009352 0.0016745 0.0013926 0.0012431 0.0012372 0.0016958 0.0012897 0.0015894 0.0012078 0.0010661 0.0015310 0.0018755 0.0041982 0.0037450 0.0008857 0.0034221 0.0015844 0.0004066 0.0013396 0.0010902 0.0035531 0.0015358 0.0013933 0.0018611 0.0017162 0.0016041 0.0039026 0.0043796 0.0037364 0.0014188 0.0016019 0.0012028 0.0011138 0.0015511 0.0016974 0.0015107 0.0003036 0.0042443 0.0019855 0.0016143 0.0008197 0.0025568 0.0012381 0.0008442 0.0026215 0.0010014 0.0008385 0.0036555 0.0039079 0.0038700 0.0041093 0.0036977 0.0040404 0.0040632 0.0038533 0.0035943 0.0037928 0.0032694 0.0033127 0.0036965 0.0037092 0.0037769 0.0042845 0.0036783 0.0040158 0.0036080 0.0040620 0.0035375 0.0038893 0.0038792 0.0036420 0.0037678 0.0041248 0.0037246 0.0036824 0.0037480 0.0038734 0.0038055 0.0035745 0.0041797 0.0036844 0.0038832 0.0036870 0.0038350 0.0039222 0.0037838 0.0036950 0.0037982 0.0038080 0.0038884 0.0038821 0.0037144 0.0039743 0.0035263 0.0037983 0.0035327 0.0036126 0.0037186 0.0038021 0.0036837 0.0036837 0.0039115 0.0039210 0.0038585 0.0038731 0.0036884 0.0036878 0.0037636 0.0035721 0.0036739 0.0039586 0.0037943 0.0037365 0.0037328 0.0043247 0.0037231 0.0037623 0.0038025 0.0036088 0.0036605 0.0037734 0.0036882 0.0036755 0.0036944 0.0037292 0.0036880 0.0036344 0.0040671 0.0035703 0.0037568 0.0036964 0.0035981 0.0035936 0.0037349 0.0036949 0.0037365 0.0037227 0.0039187 0.0035698 0.0036940 0.0038164 0.0037735 0.0036532 0.0037629 0.0037437 0.0038902 0.0040248 
ENA_OQ437919_OQ437919_1_SEVERE_ACUTE_RESPIRATORY_Sdeer  0.0021152 0.0044470 0.0018993 0.0016512 0.0013712 0.0015103 0.0013713 0.0021886 0.0015430 0.0015051 0.0015120 0.0014381 0.0000000 0.0015760 0.0015112 0.0015450 0.0016153 0.0027919 0.0018273 0.0003034 0.0015805 0.0011970 0.0018982 0.0019321 0.0017146 0.0018596 0.0019996 0.0014752 0.0015893 0.0015891 0.0017129 0.0012842 0.0015975 0.0017464 0.0015522 0.0016832 0.0010722 0.0015913 0.0011088 0.0018499 0.0016021 0.0015574 0.0013449 0.0019059 0.0015716 0.0018729 0.0014517 0.0013774 0.0016463 0.0020885 0.0044538 0.0039253 0.0011261 0.0035672 0.0018647 0.0014379 0.0016525 0.0016095 0.0038795 0.0018540 0.0015340 0.0020034 0.0018218 0.0016023 0.0040835 0.0046433 0.0039163 0.0015586 0.0017777 0.0015155 0.0012580 0.0018314 0.0018040 0.0017538 0.0015404 0.0043961 0.0022189 0.0019192 0.0010781 0.0024419 0.0013205 0.0012029 0.0029491 0.0012466 0.0012300 0.0040683 0.0042053 0.0041664 0.0044102 0.0040039 0.0043417 0.0044014 0.0041514 0.0037558 0.0041035 0.0037112 0.0036803 0.0039958 0.0040546 0.0040772 0.0045882 0.0040139 0.0043182 0.0039402 0.0044001 0.0037786 0.0041929 0.0042545 0.0039742 0.0041810 0.0044620 0.0040931 0.0040943 0.0040867 0.0042426 0.0041749 0.0039862 0.0045159 0.0039414 0.0042180 0.0040202 0.0040970 0.0042574 0.0041577 0.0040288 0.0041670 0.0042220 0.0043034 0.0042522 0.0040197 0.0043107 0.0039407 0.0041736 0.0039478 0.0040244 0.0040559 0.0041713 0.0040517 0.0040517 0.0042810 0.0042561 0.0041941 0.0042423 0.0040217 0.0039469 0.0040972 0.0039394 0.0040089 0.0042937 0.0041276 0.0040709 0.0040668 0.0046965 0.0040915 0.0040959 0.0042158 0.0039763 0.0040780 0.0041079 0.0040213 0.0040492 0.0040280 0.0041423 0.0041004 0.0040190 0.0044025 0.0039375 0.0040568 0.0040303 0.0040084 0.0039662 0.0040691 0.0040286 0.0040709 0.0040911 0.0042887 0.0039809 0.0040277 0.0041515 0.0041079 0.0039864 0.0041383 0.0041586 0.0042257 0.0044392 
ENA_OQ437913_OQ437913_1_SEVERE_ACUTE_RESPIRATORY_Sdeer  0.0017921 0.0042526 0.0016870 0.0013719 0.0012319 0.0013706 0.0012319 0.0020460 0.0015422 0.0001346 0.0012678 0.0001349 0.0015760 0.0000000 0.0014409 0.0013357 0.0014057 0.0025765 0.0016855 0.0014713 0.0013018 0.0007142 0.0016861 0.0017908 0.0014336 0.0019287 0.0018583 0.0013356 0.0014485 0.0014489 0.0015702 0.0011369 0.0013856 0.0015684 0.0013418 0.0015401 0.0010331 0.0013411 0.0010047 0.0017798 0.0014968 0.0013465 0.0013089 0.0017993 0.0013593 0.0016928 0.0013111 0.0011348 0.0016097 0.0019465 0.0041852 0.0036970 0.0009878 0.0033411 0.0016524 0.0004742 0.0014424 0.0011578 0.0035059 0.0016402 0.0014633 0.0019317 0.0018210 0.0016780 0.0038904 0.0043331 0.0036885 0.0014883 0.0017061 0.0013057 0.0011865 0.0016208 0.0018032 0.0016134 0.0004391 0.0041963 0.0019853 0.0017180 0.0009241 0.0025553 0.0013223 0.0009156 0.0026169 0.0010710 0.0009441 0.0036103 0.0038604 0.0038219 0.0040599 0.0036496 0.0039950 0.0040170 0.0038053 0.0035084 0.0037464 0.0032607 0.0032644 0.0036516 0.0036630 0.0037313 0.0042382 0.0036332 0.0039702 0.0035635 0.0040167 0.0034509 0.0038430 0.0038751 0.0035974 0.0037224 0.0040795 0.0037149 0.0036372 0.0037024 0.0038641 0.0037956 0.0035296 0.0041344 0.0036380 0.0038386 0.0036423 0.0037895 0.0038775 0.0037386 0.0036502 0.0037891 0.0037624 0.0038425 0.0038720 0.0036684 0.0039286 0.0034812 0.0037529 0.0035259 0.0035676 0.0036734 0.0037922 0.0036741 0.0036741 0.0039021 0.0038763 0.0038130 0.0038630 0.0036437 0.0036431 0.0037186 0.0035628 0.0036289 0.0039139 0.0037493 0.0036915 0.0036878 0.0043144 0.0037134 0.0037174 0.0037577 0.0035994 0.0036148 0.0037283 0.0036434 0.0036305 0.0036496 0.0036838 0.0036428 0.0036274 0.0040221 0.0035610 0.0037115 0.0036515 0.0035534 0.0035489 0.0036899 0.0036500 0.0036915 0.0037130 0.0039093 0.0035250 0.0036492 0.0037712 0.0037284 0.0036085 0.0037183 0.0036982 0.0038455 0.0039795 
ENA_OQ437926_OQ437926_1_SEVERE_ACUTE_RESPIRATORY_Sdeer  0.0018351 0.0042297 0.0008478 0.0012306 0.0010225 0.0011604 0.0010227 0.0019080 0.0015468 0.0013699 0.0011630 0.0013382 0.0015112 0.0014409 0.0000000 0.0011259 0.0011953 0.0025101 0.0015493 0.0014065 0.0013753 0.0010967 0.0016198 0.0014382 0.0015785 0.0019344 0.0017911 0.0010568 0.0014529 0.0013471 0.0013959 0.0009868 0.0013185 0.0014656 0.0012751 0.0014370 0.0005117 0.0015250 0.0011134 0.0016405 0.0013588 0.0005782 0.0011686 0.0016261 0.0011807 0.0015941 0.0002032 0.0010286 0.0014967 0.0019152 0.0041622 0.0037095 0.0010599 0.0033898 0.0015861 0.0013026 0.0012317 0.0014744 0.0035910 0.0008596 0.0012142 0.0020091 0.0018620 0.0017575 0.0038670 0.0043859 0.0037009 0.0012408 0.0017465 0.0012388 0.0013363 0.0015882 0.0018446 0.0014774 0.0014051 0.0042507 0.0021353 0.0015649 0.0008744 0.0019828 0.0011112 0.0009186 0.0026624 0.0010386 0.0009114 0.0037747 0.0039496 0.0039110 0.0041510 0.0037397 0.0040844 0.0041071 0.0038943 0.0035634 0.0038379 0.0034756 0.0034827 0.0037396 0.0037539 0.0038205 0.0043290 0.0037215 0.0040599 0.0036507 0.0041059 0.0035054 0.0039335 0.0039631 0.0036848 0.0038872 0.0041686 0.0038028 0.0038013 0.0037917 0.0039519 0.0038840 0.0036933 0.0042235 0.0037255 0.0039265 0.0037300 0.0038786 0.0039656 0.0038655 0.0037381 0.0038766 0.0039277 0.0039709 0.0039608 0.0037596 0.0040179 0.0036458 0.0038803 0.0036524 0.0037314 0.0038377 0.0038805 0.0037618 0.0037618 0.0039901 0.0039644 0.0038646 0.0039515 0.0037314 0.0037308 0.0038067 0.0036500 0.0037171 0.0040020 0.0038373 0.0037796 0.0037759 0.0044040 0.0038013 0.0038054 0.0039220 0.0036867 0.0037810 0.0038166 0.0037311 0.0037570 0.0037374 0.0038485 0.0038071 0.0037184 0.0041106 0.0036482 0.0038013 0.0037395 0.0037165 0.0036747 0.0037780 0.0037379 0.0037796 0.0038009 0.0039973 0.0036884 0.0037370 0.0038597 0.0038166 0.0036961 0.0038075 0.0038636 0.0039336 0.0041448 
ENA_OQ437914_OQ437914_1_SEVERE_ACUTE_RESPIRATORY_Sdeer  0.0017287 0.0041172 0.0013004 0.0011263 0.0009188 0.0010564 0.0009189 0.0018714 0.0015111 0.0012652 0.0010586 0.0012332 0.0015450 0.0013357 0.0011259 0.0000000 0.0010911 0.0024731 0.0015135 0.0014402 0.0012702 0.0010613 0.0014785 0.0014719 0.0015425 0.0018979 0.0017551 0.0010217 0.0014170 0.0013112 0.0013956 0.0008020 0.0012123 0.0014294 0.0011697 0.0013650 0.0006711 0.0014162 0.0010073 0.0016042 0.0013227 0.0010300 0.0011677 0.0015550 0.0003086 0.0015578 0.0009951 0.0009242 0.0014568 0.0018068 0.0041976 0.0036714 0.0009558 0.0033513 0.0015500 0.0011978 0.0011271 0.0013693 0.0034772 0.0013892 0.0011784 0.0019363 0.0017895 0.0016822 0.0037549 0.0043841 0.0035897 0.0012052 0.0016745 0.0011338 0.0012624 0.0014823 0.0017715 0.0014417 0.0013003 0.0042489 0.0020382 0.0016678 0.0008735 0.0019280 0.0010272 0.0008467 0.0025521 0.0009331 0.0008048 0.0036602 0.0038352 0.0037968 0.0040349 0.0035826 0.0039691 0.0039921 0.0037800 0.0034790 0.0037192 0.0032719 0.0032758 0.0036252 0.0035971 0.0037058 0.0042127 0.0036077 0.0039442 0.0035380 0.0039910 0.0034215 0.0037782 0.0038494 0.0035720 0.0037726 0.0040540 0.0036896 0.0036871 0.0036767 0.0038384 0.0037705 0.0035792 0.0041091 0.0036126 0.0038128 0.0036169 0.0037642 0.0038517 0.0037515 0.0036248 0.0037633 0.0038129 0.0038933 0.0038471 0.0036813 0.0039036 0.0035310 0.0037659 0.0035374 0.0036173 0.0037234 0.0037671 0.0036489 0.0036489 0.0038765 0.0038505 0.0037879 0.0038381 0.0036183 0.0036177 0.0036934 0.0035373 0.0036034 0.0038882 0.0037242 0.0036661 0.0036625 0.0042894 0.0036882 0.0036921 0.0038073 0.0035005 0.0036653 0.0037031 0.0036180 0.0036431 0.0036242 0.0037340 0.0036928 0.0036393 0.0039966 0.0035355 0.0037244 0.0036261 0.0036028 0.0035612 0.0036645 0.0036246 0.0036661 0.0036878 0.0038836 0.0035745 0.0036237 0.0037459 0.0037031 0.0035830 0.0037304 0.0037486 0.0038197 0.0040298 
ENA_OQ437936_OQ437936_1_SEVERE_ACUTE_RESPIRATORY_Sdeer  0.0017289 0.0041177 0.0013703 0.0009872 0.0008489 0.0009863 0.0007808 0.0019427 0.0015813 0.0013348 0.0009205 0.0013030 0.0016153 0.0014057 0.0011953 0.0010911 0.0000000 0.0025451 0.0015837 0.0015103 0.0013401 0.0009926 0.0014447 0.0015420 0.0015432 0.0018987 0.0018266 0.0008832 0.0014875 0.0013817 0.0013602 0.0007274 0.0011074 0.0015004 0.0012398 0.0013301 0.0007507 0.0014886 0.0010779 0.0016396 0.0013938 0.0010303 0.0012399 0.0016959 0.0011452 0.0016287 0.0009953 0.0007853 0.0014964 0.0017370 0.0041989 0.0037452 0.0009561 0.0034255 0.0016206 0.0011982 0.0009881 0.0014391 0.0036266 0.0014600 0.0002048 0.0019368 0.0017186 0.0017200 0.0039035 0.0043855 0.0037366 0.0002374 0.0017105 0.0012035 0.0012995 0.0014828 0.0016999 0.0015118 0.0013700 0.0042099 0.0019416 0.0015646 0.0008750 0.0022120 0.0010686 0.0008115 0.0025532 0.0009335 0.0008051 0.0035854 0.0037977 0.0037593 0.0039968 0.0035438 0.0038927 0.0039545 0.0038166 0.0034389 0.0037178 0.0032315 0.0032352 0.0035493 0.0035983 0.0036681 0.0041746 0.0035703 0.0039064 0.0035011 0.0039534 0.0033816 0.0037794 0.0038121 0.0035351 0.0036977 0.0040164 0.0036525 0.0036125 0.0036390 0.0038012 0.0037333 0.0035046 0.0040717 0.0035756 0.0037755 0.0035798 0.0037267 0.0038144 0.0036770 0.0035876 0.0037261 0.0037378 0.0038181 0.0038098 0.0036053 0.0038662 0.0034559 0.0036911 0.0034621 0.0035426 0.0036487 0.0037300 0.0036118 0.0036118 0.0038393 0.0038132 0.0037505 0.0038009 0.0035812 0.0035806 0.0036562 0.0035738 0.0035661 0.0038508 0.0036871 0.0036289 0.0036253 0.0042519 0.0036511 0.0036550 0.0037324 0.0035370 0.0035896 0.0036658 0.0035809 0.0035687 0.0035870 0.0036591 0.0036180 0.0035245 0.0039592 0.0034986 0.0036497 0.0035890 0.0035285 0.0034870 0.0036273 0.0035875 0.0036289 0.0036507 0.0038463 0.0035000 0.0035866 0.0037828 0.0036659 0.0035459 0.0036929 0.0036734 0.0037823 0.0039547 
ENA_OQ437943_OQ437943_1_SEVERE_ACUTE_RESPIRATORY_Sdeer  0.0022611 0.0046786 0.0028361 0.0024397 0.0022953 0.0024376 0.0022956 0.0015493 0.0026881 0.0025028 0.0024405 0.0024727 0.0027919 0.0025765 0.0025101 0.0024731 0.0025451 0.0000000 0.0026877 0.0026839 0.0025115 0.0022972 0.0028345 0.0027968 0.0027166 0.0031205 0.0029360 0.0023304 0.0025968 0.0023083 0.0025878 0.0021582 0.0025374 0.0025826 0.0024495 0.0025960 0.0019728 0.0025517 0.0022603 0.0027992 0.0024730 0.0024569 0.0023743 0.0028101 0.0025532 0.0028146 0.0023487 0.0022380 0.0024833 0.0031087 0.0046857 0.0041542 0.0022571 0.0037967 0.0026557 0.0024358 0.0025105 0.0026100 0.0040340 0.0026570 0.0025495 0.0031811 0.0030649 0.0028549 0.0043137 0.0048437 0.0041448 0.0025679 0.0028682 0.0024466 0.0022270 0.0028054 0.0030590 0.0025416 0.0025393 0.0046425 0.0029920 0.0027702 0.0020350 0.0034329 0.0019620 0.0020069 0.0031743 0.0022506 0.0020279 0.0042622 0.0043973 0.0043582 0.0046051 0.0041993 0.0045314 0.0045962 0.0043439 0.0041256 0.0043420 0.0039148 0.0040109 0.0041879 0.0042917 0.0042698 0.0047835 0.0042067 0.0045123 0.0041311 0.0045948 0.0040644 0.0043877 0.0044472 0.0041651 0.0043751 0.0046563 0.0042847 0.0042878 0.0042815 0.0044348 0.0043671 0.0041794 0.0047097 0.0042065 0.0044106 0.0042117 0.0043656 0.0044503 0.0043508 0.0042207 0.0043589 0.0044165 0.0044984 0.0043701 0.0042928 0.0045043 0.0041351 0.0043674 0.0041426 0.0042178 0.0043241 0.0043633 0.0042430 0.0042430 0.0044734 0.0044490 0.0043872 0.0044345 0.0042132 0.0042124 0.0042891 0.0041302 0.0042015 0.0044866 0.0043192 0.0042631 0.0042589 0.0048907 0.0042831 0.0042876 0.0044100 0.0041672 0.0041979 0.0043002 0.0042128 0.0042421 0.0042197 0.0043364 0.0042940 0.0042561 0.0045957 0.0041282 0.0043251 0.0041477 0.0042009 0.0041584 0.0041866 0.0042204 0.0041884 0.0042827 0.0044813 0.0040988 0.0041451 0.0043442 0.0043002 0.0041035 0.0043321 0.0043534 0.0044187 0.0046342 
ENA_OQ437940_OQ437940_1_SEVERE_ACUTE_RESPIRATORY_Sdeer  0.0020840 0.0044153 0.0018681 0.0015498 0.0014089 0.0014786 0.0014091 0.0021575 0.0017934 0.0016140 0.0014804 0.0015826 0.0018273 0.0016855 0.0015493 0.0015135 0.0015837 0.0026877 0.0000000 0.0017208 0.0016202 0.0013402 0.0017957 0.0018306 0.0018246 0.0021822 0.0020388 0.0014435 0.0016996 0.0006146 0.0016088 0.0013237 0.0015657 0.0003084 0.0015205 0.0016869 0.0010757 0.0017781 0.0012900 0.0018912 0.0004811 0.0015255 0.0014925 0.0019097 0.0015757 0.0018416 0.0014197 0.0014174 0.0018491 0.0021649 0.0042735 0.0039694 0.0013028 0.0035734 0.0007145 0.0015467 0.0016211 0.0017190 0.0038499 0.0018222 0.0016089 0.0021900 0.0019703 0.0018704 0.0040899 0.0044975 0.0039604 0.0016331 0.0018897 0.0014138 0.0016305 0.0018359 0.0019178 0.0006102 0.0016495 0.0042825 0.0023703 0.0019823 0.0011338 0.0022743 0.0015372 0.0010976 0.0029186 0.0010724 0.0011250 0.0039621 0.0041384 0.0040995 0.0043426 0.0038942 0.0042745 0.0043721 0.0040838 0.0038062 0.0039550 0.0035964 0.0036050 0.0039285 0.0039078 0.0040100 0.0045209 0.0039096 0.0042508 0.0038369 0.0042930 0.0036665 0.0041250 0.0042253 0.0039448 0.0040748 0.0044328 0.0040637 0.0039883 0.0039815 0.0042135 0.0041456 0.0038802 0.0044121 0.0039860 0.0041887 0.0038797 0.0041423 0.0042281 0.0040894 0.0039994 0.0041378 0.0041156 0.0041968 0.0042229 0.0039118 0.0042814 0.0038339 0.0041051 0.0038408 0.0039184 0.0040247 0.0041420 0.0040224 0.0040224 0.0042519 0.0042268 0.0040876 0.0042131 0.0039923 0.0039916 0.0040679 0.0039100 0.0039793 0.0042645 0.0040983 0.0040414 0.0040374 0.0045929 0.0040622 0.0040665 0.0041096 0.0039469 0.0039705 0.0040785 0.0039919 0.0039434 0.0039986 0.0040361 0.0039942 0.0039090 0.0043735 0.0039081 0.0040631 0.0040008 0.0039027 0.0038979 0.0040397 0.0039992 0.0040414 0.0040618 0.0042595 0.0038749 0.0039982 0.0041221 0.0040784 0.0039569 0.0041087 0.0039766 0.0041963 0.0043330 
ENA_OQ437937_OQ437937_1_SEVERE_ACUTE_RESPIRATORY_Sdeer  0.0020087 0.0043347 0.0017934 0.0015461 0.0012668 0.0014056 0.0012668 0.0020817 0.0014383 0.0014007 0.0014071 0.0013336 0.0003034 0.0014713 0.0014065 0.0014402 0.0015103 0.0026839 0.0017208 0.0000000 0.0014757 0.0010930 0.0017924 0.0018262 0.0016086 0.0017540 0.0018938 0.0013706 0.0014838 0.0014835 0.0016060 0.0012479 0.0014913 0.0016396 0.0014468 0.0015399 0.0010324 0.0014832 0.0010745 0.0017792 0.0015325 0.0014518 0.0012728 0.0018348 0.0014649 0.0017666 0.0013464 0.0013085 0.0015691 0.0019815 0.0043413 0.0038140 0.0010225 0.0034560 0.0017588 0.0013335 0.0015473 0.0015049 0.0037685 0.0017469 0.0014276 0.0018240 0.0017144 0.0015290 0.0039717 0.0045286 0.0038053 0.0014529 0.0015644 0.0014104 0.0012225 0.0017255 0.0016593 0.0016486 0.0014359 0.0043598 0.0020785 0.0017658 0.0009748 0.0023297 0.0011958 0.0010952 0.0028390 0.0011412 0.0011230 0.0039547 0.0040918 0.0040531 0.0042950 0.0038871 0.0042274 0.0042873 0.0040377 0.0036739 0.0039857 0.0035896 0.0035569 0.0038822 0.0039382 0.0039634 0.0044729 0.0039008 0.0042035 0.0038283 0.0042860 0.0036971 0.0040777 0.0041416 0.0038622 0.0040673 0.0043482 0.0039807 0.0039809 0.0039725 0.0041300 0.0040622 0.0038729 0.0044024 0.0038294 0.0041051 0.0039079 0.0039835 0.0041443 0.0040446 0.0039163 0.0040545 0.0041080 0.0041891 0.0041393 0.0039424 0.0041972 0.0038267 0.0040600 0.0038336 0.0039111 0.0039426 0.0040587 0.0039395 0.0039395 0.0041683 0.0041431 0.0040810 0.0041297 0.0039094 0.0038348 0.0039848 0.0038275 0.0038960 0.0041807 0.0040152 0.0039582 0.0039542 0.0045829 0.0039792 0.0039834 0.0041020 0.0038643 0.0039631 0.0039951 0.0039090 0.0039362 0.0039156 0.0040286 0.0039868 0.0039027 0.0042893 0.0038256 0.0039435 0.0039178 0.0038955 0.0038535 0.0039564 0.0039161 0.0039581 0.0039788 0.0041758 0.0038677 0.0039152 0.0040386 0.0039951 0.0038741 0.0040247 0.0040444 0.0041126 0.0043250 
